Adjacency matrices

0  1  2  3  4  5  6  7
1  0  1  0  1  1  0  0
2  1  0  1  0  0  1  1
3  0  1  0  0  0  0  0
4  1  0  0  0  0  0  0
5  1  0  0  0  0  0  0
6  0  1  0  0  0  0  0 
7  0  1  0  0  0  0  0 

0  1  2  3  4  5  6  7  8
1  0  1  0  0  1  0  1  0
2  1  0  1  0  1  1  0  0
3  0  1  0  1  0  1  0  0
4  0  0  1  0  0  1  0  0
5  1  1  0  0  0  1  1  0
6  0  1  1  1  1  0  1  1
7  1  0  0  0  1  1  0  1
8  0  0  0  0  0  1  1  0

0  1  2  3  4  5  6  7  8
1  0  5  0  0  4  0  6  0
2  5  0  3  0  2  4  0  0
3  0  3  0  2  0  1  0  0
4  0  0  2  0  0  2  0  0
5  4  2  0  0  0  6  3  0
6  0  4  1  2  6  0  7  4
7  6  0  0  0  3  7  0  8
8  0  0  0  0  0  4  8  0

0  1  2  3  4  5  6  7  8  9 
1  0  4  0  0  0  0  0  8  0 
2  4  0  8  0  0  0  0 11  0 
3  0  8  0  7  0  0  0  0  0 
4  0  0  7  0  9 14  0  0  0 
5  0  0  0  9  0 10  0  0  0 
6  0  0  0 14 10  0  2  0  0 
7  0  0  0  0  0  2  0  1  6 
8  8 11  0  0  0  0  1  0  7 
9  0  0  0  0  0  0  6  7  0

0  1  2  3  4  5  6 
1  0  4  0  0  0  2 
2  4  0  6  0  0  3 
3  0  6  0  3  0  1 
4  0  0  3  0  2  0 
5  0  0  0  2  0  4 
6  2  3  1  0  4  0

0   1   2   3   4   5 
1   z   7   3  12   8 
2   3   z   6  14   9 
3   5   8   z   6  18 
4   9   3   5   z  11 
5  18  14   9   8   z

0   1   2   3   4   5
1   z  20  30  10  11
2  15   z  16   4   2
3   3   5   z   2   4
4  19   6  18   z   3
5  16   4  7   16   z

0  1  2  3  4  5  6  7  8  9 
1  0  1  1  0  0  1  0  0  0
2  1  0  0  1  1  0  0  0  0
3  1  0  0  1  0  0  0  0  0
4  0  1  1  0  0  0  0  1  0
5  0  1  0  0  0  1  0  1  0
6  1  0  0  0  1  0  1  0  1
7  0  0  0  0  0  1  0  1  1
8  0  0  0  1  1  0  1  0  0
9  0  0  0  0  0  1  1  0  0

0  1  2  3  4  5 
1  0  0  1  0  1 
2  0  0  1  1  1 
3  1  1  0  1  0 
4  0  1  1  0  1 
5  1  1  0  1  0

0 1 2 3 4
1 0 1 1 0
2 1 0 1 1
3 1 1 0 1
4 0 1 1 0

0 1 2 3 4 5
1 0 1 1 1 1
2 1 0 1 1 1
3 1 1 0 1 1
4 1 1 1 0 1
5 1 1 1 1 0