1 0
2 1
3 3
4 5
5 8
6 11
7 13
8 15
9 21
10 25
11 26
12 29
13 33
14 35
15 44
16 44
17 50
18 56
19 60
20 63
21 70
22 71
23 80
24 81
25 91
26 89
27 96
28 102
29 98
30 114
31 119
32 125
33 130
34 128
35 143
36 146
37 150
38 155
39 165
40 166
41 175
42 180
43 183
44 186
45 197
46 201
47 206
48 212
49 215
50 219
51 228
52 242
53 243
54 248
55 255
56 251
57 259
58 267
59 277
60 283
61 285
62 291
63 298
64 304
65 312
66 327
67 318
68 332
69 338
70 348
71 349
72 360
73 364
74 363
75 370
76 386
77 391
78 396
79 402
80 405
81 413
82 419
83 430
84 433
85 434
86 452
87 449
88 462
89 473
90 476
91 486
92 485
93 497
94 504
95 504
96 521
97 518
98 535
99 530
100 538
101 546
102 564
103 569
104 568
105 569
106 579
107 601
108 587
109 611
110 606
111 627
112 620
113 632
114 631
115 647
116 645
117 660
118 669
119 681
120 691
121 692
122 689
123 700
124 717
125 713
126 724
127 721
128 745
129 736
130 744
131 760
132 764
133 776
134 772
135 783
136 804
137 806
138 813
139 820
140 830
141 846
142 838
143 853
144 850
145 858
146 877
147 881
148 893
149 897
150 897
151 905
152 929
153 920
154 940
155 939
156 951
157 954
158 953
159 972
160 977
161 985
162 989
163 996
164 994
165 1020
166 1010
167 1031
168 1039
169 1042
170 1050
171 1042
172 1068
173 1077
174 1077
175 1077
176 1100
177 1107
178 1129
179 1133
180 1112
181 1106
182 1119
183 1141
184 1149
185 1170
186 1161
187 1171
188 1166
189 1195
190 1205
191 1209
192 1212
193 1226
194 1226
195 1235
196 1258
197 1258
198 1274
199 1261
200 1279
201 1283
202 1291
203 1328
204 1305
205 1312
206 1338
207 1338
208 1346
209 1354
210 1353
211 1372
212 1368
213 1373
214 1393
215 1403
216 1397
217 1417
218 1422
219 1431
220 1446
221 1450
222 1463
223 1464
224 1472
225 1491
226 1463
227 1481
228 1505
229 1508
230 1524
231 1516
232 1534
233 1540
234 1563
235 1539
236 1569
237 1575
238 1587
239 1600
240 1600
241 1600
242 1611
243 1627
244 1621
245 1627
246 1635
247 1658
248 1677
249 1672
250 1675
251 1691
252 1699
253 1704
254 1718
255 1714
256 1722
257 1739
258 1745
259 1746
260 1764
261 1765
262 1784
263 1781
264 1804
265 1806
266 1820
267 1810
268 1834
269 1822
270 1850
271 1852
272 1862
273 1887
274 1880
275 1895
276 1891
277 1893
278 1931
279 1935
280 1923
281 1930
282 1937
283 1945
284 1966
285 1970
286 1969
287 1990
288 1996
289 1998
290 2019
291 2020
292 2027
293 2045
294 2030
295 2058
296 2084
297 2077
298 2105
299 2073
300 2078
301 2106
302 2111
303 2123
304 2134
305 2143
306 2144
307 2131
308 2169
309 2170
310 2173
311 2184
312 2202
313 2216
314 2199
315 2224
316 2221
317 2231
318 2246
319 2269
320 2252
321 2284
322 2294
323 2305
324 2306
325 2312
326 2322
327 2336
328 2337
329 2364
330 2352
331 2357
332 2367
333 2369
334 2386
335 2397
336 2393
337 2430
338 2426
339 2422
340 2427
341 2451
342 2447
343 2471
344 2470
345 2490
346 2480
347 2497
348 2517
349 2515
350 2512
351 2537
352 2543
353 2552
354 2556
355 2557
356 2586
357 2573
358 2601
359 2590
360 2596
361 2626
362 2633
363 2633
364 2653
365 2649
366 2637
367 2679
368 2686
369 2697
370 2706
371 2702
372 2730
373 2730
374 2725
375 2736
376 2739
377 2755
378 2770
379 2784
380 2782
381 2796
382 2804
383 2799
384 2839
385 2822
386 2839
387 2849
388 2842
389 2868
390 2873
391 2874
392 2905
393 2885
394 2905
395 2909
396 2928
397 2917
398 2958
399 2944
400 2961
401 2935
402 2959
403 3003
404 3016
405 3020
406 2990
407 3017
408 3018
409 3033
410 3045
411 3065
412 3053
413 3065
414 3079
415 3090
416 3086
417 3117
418 3134
419 3138
420 3136
421 3147
422 3143
423 3167
424 3187
425 3183
426 3202
427 3185
428 3207
429 3206
430 3223
431 3220
432 3252
433 3258
434 3276
435 3279
436 3281
437 3281
438 3301
439 3295
440 3320
441 3317
442 3327
443 3359
444 3346
445 3347
446 3361
447 3357
448 3381
449 3408
450 3399
451 3402
452 3416
453 3431
454 3441
455 3455
456 3462
457 3479
458 3476
459 3481
460 3480
461 3485
462 3506
463 3519
464 3529
465 3553
466 3549
467 3553
468 3563
469 3561
470 3575
471 3592
472 3597
473 3627
474 3631
475 3635
476 3645
477 3633
478 3662
479 3661
480 3677
481 3682
482 3699
483 3699
484 3697
485 3738
486 3707
487 3746
488 3754
489 3739
490 3770
491 3790
492 3778
493 3799
494 3803
495 3812
496 3838
497 3838
498 3851
499 3841
500 3850
501 3860
502 3883
503 3892
504 3889
505 3915
506 3896
507 3928
508 3951
509 3950
510 3938
511 3947
512 3959
513 3955
514 3969
515 3976
516 3972
517 4015
518 4025
519 4038
520 4056
521 4044
522 4050
523 4082
524 4064
525 4098
526 4107
527 4084
528 4106
529 4130
530 4124
531 4151
532 4141
533 4194
534 4149
535 4183
536 4192
537 4182
538 4183
539 4222
540 4213
541 4223
542 4285
543 4248
544 4268
545 4275
546 4302
547 4296
548 4291
549 4318
550 4319
551 4320
552 4340
553 4326
554 4349
555 4365
556 4361
557 4374
558 4405
559 4414
560 4388
561 4429
562 4441
563 4454
564 4448
565 4462
566 4457
567 4475
568 4498
569 4477
570 4504
571 4528
572 4533
573 4551
574 4520
575 4581
576 4561
577 4608
578 4587
579 4616
580 4627
581 4584
582 4634
583 4664
584 4653
585 4666
586 4659
587 4678
588 4668
589 4694
590 4724
591 4686
592 4689
593 4716
594 4711
595 4744
596 4732
597 4761
598 4792
599 4782
600 4787
601 4795
602 4807
603 4832
604 4818
605 4849
606 4843
607 4869
608 4900
609 4859
610 4900
611 4868
612 4880
613 4903
614 4918
615 4926
616 4919
617 4969
618 4964
619 4995
620 4985
621 5005
622 5025
623 5005
624 5038
625 5016
626 5018
627 5048
628 5057
629 5079
630 5071
631 5089
632 5085
633 5102
634 5107
635 5101
636 5140
637 5165
638 5155
639 5132
640 5162
641 5177
642 5210
643 5209
644 5204
645 5229
646 5202
647 5251
648 5267
649 5275
650 5243
651 5295
652 5276
653 5297
654 5305
655 5287
656 5314
657 5316
658 5353
659 5337
660 5358
661 5361
662 5400
663 5394
664 5415
665 5413
666 5420
667 5422
668 5437
669 5457
670 5432
671 5463
672 5472
673 5513
674 5511
675 5529
676 5538
677 5527
678 5522
679 5553
680 5549
681 5563
682 5586
683 5591
684 5596
685 5584
686 5607
687 5637
688 5644
689 5635
690 5648
691 5652
692 5663
693 5713
694 5688
695 5720
696 5691
697 5691
698 5698
699 5762
700 5748
701 5734
702 5773
703 5787
704 5783
705 5783
706 5833
707 5814
708 5779
709 5828
710 5802
711 5820
712 5849
713 5895
714 5883
715 5880
716 5892
717 5920
718 5933
719 5938
720 5923
721 5958
722 5968
723 5988
724 5986
725 5992
726 6001
727 6019
728 6019
729 6027
730 6045
731 6028
732 6053
733 6083
734 6074
735 6108
736 6080
737 6117
738 6137
739 6150
740 6122
741 6137
742 6137
743 6140
744 6183
745 6171
746 6193
747 6200
748 6223
749 6187
750 6208
751 6252
752 6240
753 6264
754 6271
755 6285
756 6273
757 6275
758 6353
759 6330
760 6345
761 6352
762 6343
763 6368
764 6368
765 6381
766 6418
767 6417
768 6411
769 6433
770 6433
771 6435
772 6433
773 6443
774 6443
775 6450
776 6481
777 6487
778 6470
779 6520
780 6505
781 6545
782 6537
783 6554
784 6590
785 6580
786 6578
787 6570
788 6609
789 6601
790 6594
791 6633
792 6643
793 6630
794 6663
795 6676
796 6675
797 6679
798 6696
799 6704
800 6714
801 6736
802 6730
803 6765
804 6730
805 6761
806 6789
807 6769
808 6765
809 6796
810 6784
811 6847
812 6817
813 6867
814 6873
815 6863
816 6882
817 6890
818 6897
819 6915
820 6943
821 6946
822 6914
823 6937
824 6998
825 6971
826 6969
827 6994
828 6996
829 7012
830 7044
831 7016
832 7030
833 7050
834 7084
835 7046
836 7062
837 7079
838 7102
839 7140
840 7125
841 7127
842 7116
843 7125
844 7160
845 7151
846 7174
847 7191
848 7195
849 7200
850 7224
851 7224
852 7221
853 7263
854 7282
855 7267
856 7306
857 7288
858 7294
859 7297
860 7292
861 7329
862 7315
863 7365
864 7328
865 7339
866 7372
867 7359
868 7378
869 7411
870 7419
871 7417
872 7422
873 7471
874 7437
875 7462
876 7466
877 7486
878 7495
879 7474
880 7524
881 7491
882 7488
883 7525
884 7510
885 7564
886 7565
887 7600
888 7565
889 7621
890 7615
891 7624
892 7632
893 7635
894 7617
895 7682
896 7658
897 7688
898 7704
899 7706
900 7689
901 7735
902 7715
903 7706
904 7757
905 7782
906 7781
907 7802
908 7775
909 7794
910 7821
911 7809
912 7798
913 7833
914 7873
915 7835
916 7869
917 7878
918 7865
919 7905
920 7924
921 7872
922 7910
923 7962
924 7926
925 7971
926 7991
927 7978
928 7993
929 8008
930 7982
931 7993
932 8003
933 8015
934 8030
935 8077
936 8071
937 8099
938 8097
939 8105
940 8117
941 8098
942 8126
943 8125
944 8156
945 8165
946 8161
947 8158
948 8201
949 8194
950 8193
951 8240
952 8219
953 8233
954 8235
955 8233
956 8255
957 8283
958 8298
959 8328
960 8300
961 8325
962 8331
963 8324
964 8338
965 8313
966 8333
967 8379
968 8385
969 8381
970 8423
971 8435
972 8432
973 8451
974 8464
975 8497
976 8444
977 8447
978 8489
979 8522
980 8495
981 8526
982 8523
983 8561
984 8551
985 8558
986 8544
987 8544
988 8557
989 8586
990 8612
991 8642
992 8644
993 8631
994 8668
995 8659
996 8662
997 8641
998 8665
999 8675
1000 8701
