1 1
2 2
3 3
4 1
5 3
6 1
7 7
8 6
9 8
10 2
11 2
12 9
13 2
14 1
15 4
16 2
17 16
18 12
19 7
20 1
21 2
22 10
23 1
24 18
25 17
26 16
27 15
28 25
29 23
30 28
31 30
32 8
33 1
34 9
35 14
36 5
37 21
38 1
39 9
40 7
41 20
42 7
43 37
44 9
45 33
46 13
47 24
48 15
49 41
50 32
51 38
52 16
53 4
54 48
55 52
56 13
57 16
58 37
59 7
60 46
61 42
62 26
63 46
64 55
65 46
66 46
67 14
68 29
69 63
70 41
71 4
72 28
73 44
74 20
75 62
76 52
77 49
78 54
79 59
80 7
81 25
82 50
83 35
84 47
85 3
86 70
87 80
88 74
89 34
90 14
91 23
92 64
93 31
94 25
95 2
96 58
97 16
98 90
99 97
100 28
101 66
102 74
103 19
104 13
105 4
106 44
107 64
108 16
109 74
110 3
111 79
112 33
113 112
114 78
115 98
116 89
117 45
118 95
119 79
120 103
121 111
122 51
123 39
124 49
125 115
126 15
127 18
128 37
129 53
130 4
131 32
132 46
133 26
134 4
135 64
136 82
137 82
138 76
139 13
140 130
141 48
142 74
143 131
144 84
145 83
146 12
147 57
148 90
149 47
150 30
151 87
152 42
153 28
154 126
155 68
156 127
157 152
158 19
159 45
160 90
161 76
162 131
163 147
164 93
165 96
166 51
167 140
168 48
169 10
170 123
171 168
172 39
173 67
174 110
175 115
176 121
177 74
178 106
179 96
180 131
181 80
182 26
183 66
184 114
185 37
186 9
187 14
188 86
189 188
190 100
191 141
192 65
193 183
194 115
195 91
196 147
197 142
198 99
199 197
200 15
201 143
202 58
203 105
204 29
205 31
206 162
207 48
208 140
209 7
210 189
211 127
212 94
213 44
214 106
215 131
216 202
217 217
218 40
219 54
220 87
221 79
222 62
223 20
224 137
225 203
226 78
227 138
228 83
229 69
230 194
231 87
232 10
233 214
234 117
235 103
236 82
237 230
238 96
239 225
240 17
241 135
242 181
243 202
244 35
245 138
246 201
247 152
248 135
249 167
250 44
251 37
252 65
253 161
254 128
255 39
256 252
257 140
258 105
259 231
260 118
261 260
262 78
263 177
264 58
265 47
266 172
267 33
268 215
269 167
270 200
271 191
272 265
273 53
274 242
275 35
276 23
277 154
278 124
279 120
280 50
281 131
282 3
283 116
284 190
285 116
286 284
287 26
288 65
289 87
290 241
291 1
292 91
293 185
294 105
295 58
296 247
297 68
298 86
299 95
300 41
301 47
302 78
303 288
304 76
305 143
306 141
307 182
308 102
309 8
310 154
311 104
312 226
313 111
314 148
315 69
316 163
317 72
318 122
319 145
320 233
321 221
322 276
323 141
324 239
325 10
326 74
327 72
328 26
329 199
330 63
331 139
332 166
333 116
334 330
335 164
336 113
337 39
338 201
339 31
340 131
341 10
342 9
343 279
344 207
345 104
346 300
347 109
348 281
349 160
350 260
351 156
352 156
353 81
354 75
355 258
356 114
357 140
358 116
359 127
360 130
361 267
362 190
363 168
364 227
365 92
366 350
367 342
368 361
369 50
370 36
371 107
372 299
373 239
374 130
375 60
376 114
377 274
378 333
379 263
380 338
381 128
382 90
383 112
384 257
385 376
386 159
387 247
388 355
389 305
390 303
391 383
392 263
393 131
394 4
395 293
396 101
397 356
398 98
399 9
400 204
401 211
402 279
403 315
404 10
405 251
406 344
407 246
408 34
409 348
410 276
411 309
412 263
413 83
414 326
415 350
416 73
417 359
418 214
419 195
420 191
421 143
422 148
423 354
424 26
425 212
426 381
427 344
428 134
429 5
430 280
431 13
432 353
433 376
434 405
435 361
436 39
437 345
438 255
439 377
440 415
441 5
442 92
443 359
444 401
445 46
446 354
447 150
448 380
449 84
450 159
451 209
452 98
453 197
454 240
455 6
456 394
457 379
458 118
459 204
460 127
461 362
462 224
463 200
464 185
465 218
466 22
467 117
468 95
469 47
470 454
471 195
472 418
473 342
474 249
475 238
476 218
477 269
478 88
479 202
480 257
481 376
482 457
483 85
484 203
485 183
486 207
487 460
488 175
489 71
490 74
491 19
492 197
493 421
494 390
495 84
496 44
497 53
498 423
499 295
500 378
501 335
502 18
503 269
504 346
505 72
506 440
507 72
508 183
509 420
510 410
511 115
512 41
513 365
514 344
515 100
516 383
517 468
518 12
519 189
520 250
521 143
522 171
523 324
524 66
525 251
526 422
527 152
528 353
529 376
530 171
531 193
532 315
533 64
534 159
535 488
536 471
537 329
538 344
539 63
540 281
541 2
542 460
543 210
544 540
545 118
546 525
547 26
548 302
549 116
550 84
551 77
552 298
553 245
554 134
555 324
556 431
557 113
558 326
559 510
560 473
561 239
562 200
563 563
564 491
565 420
566 232
567 192
568 370
569 40
570 3
571 31
572 106
573 236
574 278
575 294
576 65
577 376
578 559
579 106
580 231
581 425
582 111
583 317
584 279
585 194
586 316
587 491
588 65
589 268
590 420
591 528
592 236
593 279
594 321
595 448
596 322
597 590
598 438
599 484
600 250
601 297
602 116
603 357
604 267
605 507
606 434
607 171
608 265
609 305
610 56
611 284
612 275
613 372
614 30
615 60
616 162
617 33
618 219
619 453
620 338
621 80
622 134
623 5
624 497
625 376
626 513
627 307
628 435
629 8
630 63
631 434
632 87
633 155
634 480
635 33
636 41
637 89
638 126
639 399
640 124
641 536
642 309
643 419
644 438
645 611
646 434
647 340
648 202
649 84
650 386
651 27
652 199
653 440
654 80
655 120
656 441
657 563
658 570
659 293
660 251
661 324
662 586
663 312
664 146
665 122
666 153
667 400
668 94
669 308
670 660
671 483
672 449
673 376
674 563
675 121
676 251
677 556
678 15
679 160
680 575
681 212
682 154
683 450
684 209
685 6
686 120
687 366
688 204
689 200
690 489
691 486
692 650
693 35
694 622
695 196
696 154
697 159
698 246
699 588
700 227
701 469
702 524
703 357
704 297
705 308
706 474
707 590
708 419
709 276
710 624
711 237
712 322
713 307
714 375
715 443
716 662
717 203
718 564
719 434
720 497
721 376
722 709
723 127
724 259
725 38
726 693
727 78
728 431
729 365
730 654
731 424
732 569
733 19
734 402
735 429
736 476
737 601
738 123
739 649
740 218
741 200
742 260
743 52
744 106
745 522
746 298
747 690
748 351
749 594
750 410
751 131
752 441
753 149
754 378
755 420
756 23
757 228
758 758
759 450
760 690
761 588
762 123
763 582
764 658
765 386
766 468
767 481
768 641
769 376
770 181
771 325
772 459
773 485
774 693
775 188
776 287
777 614
778 568
779 590
780 341
781 128
782 190
783 588
784 156
785 313
786 639
787 121
788 574
789 461
790 784
791 699
792 58
793 380
794 542
795 189
796 571
797 18
798 392
799 97
800 73
801 86
802 282
803 442
804 527
805 180
806 182
807 144
808 442
809 156
810 63
811 6
812 750
813 44
814 372
815 624
816 65
817 376
818 471
819 715
820 31
821 399
822 693
823 490
824 143
825 134
826 578
827 121
828 209
829 333
830 170
831 12
832 764
833 25
834 513
835 428
836 190
837 818
838 662
839 603
840 10
841 430
842 136
843 627
844 43
845 287
846 470
847 255
848 745
849 119
850 186
851 656
852 371
853 132
854 460
855 30
856 290
857 581
858 195
859 289
860 78
861 755
862 276
863 863
864 353
865 376
866 857
867 430
868 567
869 505
870 693
871 113
872 871
873 527
874 684
875 623
876 173
877 634
878 342
879 315
880 684
881 618
882 483
883 831
884 690
885 386
886 636
887 507
888 850
889 672
890 716
891 366
892 407
893 652
894 644
895 605
896 809
897 248
898 90
899 163
900 311
901 84
902 834
903 108
904 234
905 197
906 519
907 668
908 314
909 845
910 180
911 287
912 737
913 376
914 425
915 241
916 379
917 803
918 693
919 751
920 775
921 95
922 886
923 394
924 233
925 106
926 706
927 714
928 700
929 378
930 549
931 399
932 354
933 887
934 706
935 411
936 850
937 169
938 550
939 201
940 867
941 172
942 914
943 204
944 121
945 473
946 940
947 713
948 347
949 36
950 354
951 378
952 274
953 766
954 81
955 188
956 646
957 170
958 84
959 670
960 257
961 376
962 955
963 148
964 287
965 328
966 693
967 614
968 679
969 632
970 214
971 261
972 389
973 551
974 288
975 234
976 812
977 138
978 711
979 946
980 18
981 503
982 872
983 315
984 850
985 747
986 480
987 132
988 435
989 681
990 290
991 890
992 521
993 794
994 892
995 460
996 479
997 985
998 872
999 840
1000 410
1001 430
1002 741
1003 711
1004 70
1005 596
1006 994
1007 142
1008 785
1009 376
1010 571
1011 151
1012 291
1013 962
1014 693
1015 573
1016 583
1017 248
1018 560
1019 224
1020 641
1021 71
1022 988
1023 777
1024 1020
1025 923
1026 969
1027 562
1028 710
1029 119
1030 104
1031 219
1032 850
1033 484
1034 506
1035 159
1036 3
1037 249
1038 704
1039 729
1040 73
1041 170
1042 844
1043 303
1044 707
1045 985
1046 440
1047 447
1048 642
1049 94
1050 543
1051 279
1052 546
1053 161
1054 946
1055 669
1056 353
1057 376
1058 187
1059 250
1060 391
1061 727
1062 693
1063 628
1064 487
1065 929
1066 1002
1067 283
1068 989
1069 660
1070 810
1071 345
1072 252
1073 731
1074 249
1075 178
1076 422
1077 812
1078 414
1079 123
1080 850
1081 317
1082 628
1083 282
1084 655
1085 902
1086 128
1087 664
1088 809
1089 635
1090 796
1091 242
1092 1031
1093 985
1094 8
1095 150
1096 970
1097 855
1098 441
1099 946
1100 18
1101 923
1102 898
1103 189
1104 1025
1105 376
1106 909
1107 445
1108 587
1109 588
1110 693
1111 779
1112 391
1113 593
1114 426
1115 438
1116 317
1117 228
1118 728
1119 1032
1120 604
1121 539
1122 651
1123 917
1124 134
1125 476
1126 820
1127 27
1128 850
1129 246
1130 846
1131 501
1132 271
1133 518
1134 686
1135 695
1136 601
1137 59
1138 748
1139 277
1140 311
1141 985
1142 718
1143 1092
1144 250
1145 567
1146 435
1147 562
1148 638
1149 728
1150 850
1151 860
1152 641
1153 376
1154 573
1155 736
1156 879
1157 545
1158 693
1159 1026
1160 295
1161 257
1162 1012
1163 689
1164 809
1165 961
1166 742
1167 648
1168 1052
1169 347
1170 1149
1171 581
1172 1018
1173 140
1174 148
1175 1106
1176 850
1177 271
1178 1160
1179 816
1180 1067
1181 134
1182 158
1183 822
1184 489
1185 668
1186 700
1187 408
1188 779
1189 985
1190 334
1191 1035
1192 722
1193 279
1194 525
1195 178
1196 158
1197 629
1198 802
1199 428
1200 257
1201 376
1202 237
1203 1123
1204 63
1205 598
1206 693
1207 162
1208 199
1209 1130
1210 484
1211 1036
1212 185
1213 577
1214 852
1215 264
1216 380
1217 155
1218 525
1219 245
1220 778
1221 1025
1222 698
1223 1058
1224 850
1225 392
1226 344
1227 1227
1228 731
1229 979
1230 860
1231 1045
1232 473
1233 140
1234 652
1235 635
1236 107
1237 985
1238 1188
1239 1074
1240 50
1241 1232
1242 711
1243 1037
1244 922
1245 626
1246 754
1247 1243
1248 1121
1249 376
1250 1151
1251 355
1252 499
1253 747
1254 693
1255 553
1256 103
1257 842
1258 1214
1259 220
1260 821
1261 193
1262 1058
1263 1143
1264 972
1265 1228
1266 1167
1267 1176
1268 538
1269 737
1270 74
1271 1010
1272 850
1273 609
1274 802
1275 459
1276 395
1277 643
1278 380
1279 85
1280 553
1281 893
1282 604
1283 958
1284 719
1285 985
1286 852
1287 1209
1288 666
1289 992
1290 993
1291 701
1292 490
1293 719
1294 706
1295 859
1296 785
1297 376
1298 863
1299 886
1300 1031
1301 992
1302 693
1303 1040
1304 7
1305 554
1306 734
1307 711
1308 245
1309 1118
1310 50
1311 807
1312 348
1313 1084
1314 591
1315 888
1316 298
1317 449
1318 768
1319 962
1320 850
1321 922
1322 34
1323 1014
1324 59
1325 307
1326 1226
1327 452
1328 729
1329 413
1330 556
1331 46
1332 95
1333 985
1334 516
1335 105
1336 42
1337 752
1338 33
1339 365
1340 58
1341 908
1342 658
1343 475
1344 449
1345 376
1346 575
1347 166
1348 311
1349 1333
1350 693
1351 272
1352 1263
1353 266
1354 254
1355 1298
1356 1025
1357 782
1358 400
1359 471
1360 1084
1361 940
1362 15
1363 600
1364 58
1365 161
1366 192
1367 914
1368 850
1369 1331
1370 636
1371 294
1372 1095
1373 1344
1374 794
1375 915
1376 1001
1377 1310
1378 508
1379 513
1380 851
1381 985
1382 180
1383 384
1384 802
1385 512
1386 459
1387 29
1388 1014
1389 1193
1390 610
1391 91
1392 113
1393 376
1394 287
1395 841
1396 987
1397 373
1398 693
1399 903
1400 1215
1401 1379
1402 1176
1403 578
1404 497
1405 446
1406 846
1407 135
1408 508
1409 796
1410 849
1411 312
1412 1230
1413 1286
1414 1030
1415 866
1416 850
1417 419
1418 1334
1419 993
1420 807
1421 1056
1422 362
1423 51
1424 1369
1425 878
1426 460
1427 1076
1428 275
1429 985
1430 1274
1431 759
1432 226
1433 272
1434 981
1435 1128
1436 630
1437 137
1438 562
1439 1146
1440 1217
1441 376
1442 1441
1443 169
1444 315
1445 858
1446 693
1447 183
1448 1167
1449 1139
1450 744
1451 1309
1452 1421
1453 110
1454 1388
1455 1254
1456 1388
1457 652
1458 321
1459 24
1460 1038
1461 1046
1462 502
1463 818
1464 850
1465 972
1466 662
1467 321
1468 519
1469 768
1470 1400
1471 658
1472 361
1473 446
1474 412
1475 260
1476 1175
1477 985
1478 986
1479 1230
1480 1130
1481 32
1482 117
1483 840
1484 246
1485 566
1486 514
1487 810
1488 929
1489 376
1490 1201
1491 988
1492 1135
1493 1439
1494 693
1495 958
1496 1119
1497 899
1498 312
1499 637
1500 941
1501 1275
1502 524
1503 966
1504 860
1505 508
1506 1299
1507 1243
1508 846
1509 806
1510 1484
1511 770
1512 850
1513 108
1514 1504
1515 1164
1516 231
1517 480
1518 1016
1519 1361
1520 873
1521 14
1522 364
1523 967
1524 647
1525 985
1526 698
1527 270
1528 602
1529 1321
1530 783
1531 552
1532 1394
1533 1091
1534 466
1535 474
1536 641
1537 376
1538 961
1539 364
1540 511
1541 575
1542 693
1543 286
1544 1071
1545 659
1546 1426
1547 1512
1548 461
1549 987
1550 1210
1551 678
1552 332
1553 364
1554 819
1555 1003
1556 654
1557 566
1558 1004
1559 722
1560 850
1561 805
1562 880
1563 540
1564 1507
1565 192
1566 632
1567 593
1568 1481
1569 1151
1570 316
1571 199
1572 119
1573 985
1574 410
1575 885
1576 74
1577 1129
1578 1545
1579 264
1580 1058
1581 131
1582 418
1583 138
1584 353
1585 376
1586 721
1587 1327
1588 1475
1589 1300
1590 693
1591 1205
1592 1023
1593 419
1594 1042
1595 888
1596 1577
1597 699
1598 394
1599 390
1600 1404
1601 220
1602 339
1603 763
1604 462
1605 326
1606 524
1607 674
1608 850
1609 1598
1610 256
1611 1527
1612 1267
1613 1517
1614 248
1615 1440
1616 569
1617 767
1618 268
1619 1050
1620 1211
1621 985
1622 122
1623 1596
1624 1170
1625 937
1626 777
1627 1603
1628 722
1629 800
1630 370
1631 1433
1632 65
1633 376
1634 481
1635 751
1636 899
1637 484
1638 693
1639 581
1640 975
1641 179
1642 658
1643 264
1644 1145
1645 411
1646 1224
1647 102
1648 924
1649 76
1650 1509
1651 523
1652 270
1653 86
1654 44
1655 626
1656 850
1657 830
1658 1290
1659 951
1660 1027
1661 1277
1662 1526
1663 720
1664 1321
1665 383
1666 220
1667 330
1668 731
1669 985
1670 1504
1671 732
1672 690
1673 745
1674 9
1675 1363
1676 386
1677 1565
1678 322
1679 1145
1680 1457
1681 376
1682 241
1683 175
1684 323
1685 1353
1686 693
1687 1644
1688 927
1689 1628
1690 274
1691 1331
1692 713
1693 123
1694 456
1695 1509
1696 444
1697 1629
1698 1077
1699 283
1700 78
1701 1547
1702 1266
1703 578
1704 850
1705 62
1706 714
1707 375
1708 787
1709 1037
1710 1190
1711 1711
1712 457
1713 1712
1714 172
1715 1325
1716 251
1717 985
1718 1264
1719 1587
1720 210
1721 553
1722 963
1723 1123
1724 50
1725 701
1726 274
1727 857
1728 1217
1729 376
1730 1
1731 1330
1732 1479
1733 585
1734 693
1735 1068
1736 879
1737 1436
1738 1628
1739 755
1740 281
1741 1576
1742 1430
1743 1269
1744 1708
1745 1533
1746 645
1747 43
1748 1634
1749 1355
1750 834
1751 530
1752 850
1753 1047
1754 138
1755 1554
1756 547
1757 797
1758 854
1759 1039
1760 1353
1761 1376
1762 124
1763 653
1764 1535
1765 985
1766 1024
1767 771
1768 1498
1769 361
1770 243
1771 883
1772 1486
1773 1610
1774 226
1775 569
1776 977
1777 376
1778 1539
1779 802
1780 951
1781 1598
1782 693
1783 492
1784 831
1785 1244
1786 1292
1787 179
1788 1637
1789 1336
1790 710
1791 1029
1792 1276
1793 1437
1794 213
1795 1598
1796 1490
1797 1163
1798 402
1799 482
1800 850
1801 327
1802 1364
1803 1026
1804 307
1805 557
1806 518
1807 367
1808 537
1809 1040
1810 76
1811 1792
1812 1103
1813 985
1814 784
1815 1770
1816 1066
1817 169
1818 1341
1819 643
1820 1198
1821 794
1822 178
1823 281
1824 737
1825 376
1826 1347
1827 274
1828 423
1829 878
1830 693
1831 1747
1832 783
1833 1052
1834 956
1835 1438
1836 1253
1837 1096
1838 1828
1839 789
1840 844
1841 1341
1842 1623
1843 1406
1844 1346
1845 971
1846 1816
1847 434
1848 850
1849 1456
1850 836
1851 498
1852 67
1853 317
1854 182
1855 1550
1856 1577
1857 704
1858 28
1859 1168
1860 671
1861 985
1862 544
1863 1002
1864 634
1865 1842
1866 669
1867 403
1868 910
1869 1847
1870 130
1871 1864
1872 497
1873 376
1874 1155
1875 1621
1876 1771
1877 158
1878 693
1879 1219
1880 735
1881 860
1882 620
1883 910
1884 869
1885 856
1886 1156
1887 549
1888 412
1889 1245
1890 1239
1891 1214
1892 1202
1893 779
1894 1432
1895 386
1896 850
1897 784
1898 308
1899 1869
1900 1727
1901 77
1902 1748
1903 926
1904 809
1905 368
1906 1886
1907 544
1908 239
1909 985
1910 304
1911 234
1912 202
1913 1698
1914 1911
1915 163
1916 622
1917 1079
1918 82
1919 1624
1920 257
1921 376
1922 963
1923 1141
1924 1291
1925 1363
1926 693
1927 691
1928 687
1929 668
1930 284
1931 382
1932 485
1933 616
1934 484
1935 309
1936 1916
1937 1149
1938 855
1939 1022
1940 1058
1941 587
1942 1048
1943 338
1944 850
1945 112
1946 1726
1947 1389
1948 1535
1949 1786
1950 1460
1951 302
1952 41
1953 32
1954 1886
1955 1875
1956 1763
1957 985
1958 64
1959 1425
1960 1730
1961 1554
1962 1287
1963 1886
1964 334
1965 311
1966 34
1967 1384
1968 17
1969 376
1970 771
1971 661
1972 811
1973 691
1974 693
1975 163
1976 639
1977 476
1978 1926
1979 1833
1980 101
1981 376
1982 1794
1983 69
1984 1532
1985 1053
1986 471
1987 830
1988 914
1989 395
1990 664
1991 290
1992 850
1993 1433
1994 1246
1995 909
1996 1343
1997 1594
1998 1172
1999 1677
2000 1273
2001 1697
2002 1886
2003 1299
2004 1379
2005 985
2006 1830
2007 705
2008 1346
2009 1410
2010 663
2011 1694
2012 46
2013 1556
2014 2000
2015 1144
2016 1793
2017 376
2018 579
2019 181
2020 331
2021 19
2022 693
2023 1658
2024 591
2025 284
2026 1638
2027 1353
2028 1745
2029 136
2030 1170
2031 1860
2032 1148
2033 957
2034 87
2035 638
2036 770
2037 203
2038 280
2039 242
2040 850
2041 809
2042 766
2043 429
2044 1151
2045 1402
2046 884
2047 1101
2048 553
2049 1409
2050 1886
2051 723
2052 995
2053 985
2054 1638
2055 2040
2056 962
2057 1266
2058 39
2059 1502
2060 1818
2061 836
2062 2000
2063 904
2064 1601
2065 376
2066 387
2067 1768
2068 1919
2069 1416
2070 693
2071 1178
2072 543
2073 92
2074 1350
2075 873
2076 1409
2077 1973
2078 546
2079 1668
2080 764
2081 861
2082 1785
2083 446
2084 626
2085 11
2086 1982
2087 194
2088 850
2089 185
2090 286
2091 2040
2092 959
2093 1210
2094 596
2095 525
2096 1929
2097 1121
2098 1886
2099 147
2100 611
2101 985
2102 1446
2103 1368
2104 578
2105 1122
2106 1521
2107 1310
2108 1578
2109 116
2110 2000
2111 664
2112 1409
2113 376
2114 195
2115 1336
2116 1487
2117 792
2118 693
2119 698
2120 495
2121 2021
2122 1062
2123 393
2124 1073
2125 1781
2126 2048
2127 1476
2128 380
2129 765
2130 1449
2131 254
2132 482
2133 1952
2134 1646
2135 146
2136 850
2137 1698
2138 1944
2139 1608
2140 767
2141 1018
2142 308
2143 2092
2144 1257
2145 833
2146 1886
2147 1718
2148 227
2149 985
2150 1254
2151 696
2152 194
2153 978
2154 945
2155 1118
2156 1338
2157 1553
2158 2000
2159 424
2160 1217
2161 376
2162 3
2163 904
2164 1055
2165 168
2166 693
2167 218
2168 447
2169 1877
2170 774
2171 2084
2172 737
2173 1589
2174 1472
2175 1284
2176 2172
2177 669
2178 1113
2179 62
2180 338
2181 1808
2182 1310
2183 98
2184 850
2185 1122
2186 1512
2187 1176
2188 575
2189 826
2190 20
2191 1564
2192 585
2193 545
2194 1886
2195 1190
2196 2039
2197 985
2198 1062
2199 24
2200 2010
2201 834
2202 369
2203 926
2204 1098
2205 881
2206 2000
2207 184
2208 1025
2209 376
2210 2021
2211 472
2212 623
2213 1757
2214 693
2215 1953
2216 399
2217 1733
2218 486
2219 1652
2220 401
2221 1397
2222 896
2223 1092
2224 1836
2225 573
2226 777
2227 2097
2228 194
2229 1664
2230 974
2231 50
2232 850
2233 546
2234 1080
2235 744
2236 383
2237 634
2238 1970
2239 1036
2240 2153
2241 257
2242 1886
2243 662
2244 1703
2245 985
2246 870
2247 1599
2248 1674
2249 690
2250 2043
2251 734
2252 858
2253 209
2254 2000
2255 2199
2256 833
2257 376
2258 1877
2259 40
2260 191
2261 1181
2262 693
2263 1521
2264 351
2265 1589
2266 198
2267 1220
2268 65
2269 1205
2270 320
2271 900
2272 1500
2273 477
2274 441
2275 1953
2276 50
2277 1520
2278 638
2279 2
2280 850
2281 2251
2282 648
2283 312
2284 191
2285 442
2286 1730
2287 508
2288 1529
2289 2258
2290 1886
2291 134
2292 1367
2293 985
2294 678
2295 975
2296 1338
2297 546
2298 1515
2299 542
2300 618
2301 1838
2302 2000
2303 2007
2304 641
2305 376
2306 1733
2307 1915
2308 2067
2309 605
2310 693
2311 1089
2312 303
2313 1445
2314 2224
2315 788
2316 2045
2317 1013
2318 2062
2319 708
2320 1164
2321 381
2322 105
2323 1809
2324 2230
2325 1376
2326 302
2327 2281
2328 850
2329 1723
2330 216
2331 2211
2332 2331
2333 250
2334 1490
2335 2315
2336 905
2337 2018
2338 1886
2339 1945
2340 1031
2341 985
2342 486
2343 351
2344 1002
2345 402
2346 987
2347 350
2348 378
2349 1214
2350 2000
2351 1815
2352 449
2353 376
2354 1589
2355 1531
2356 1683
2357 29
2358 693
2359 657
2360 255
2361 1301
2362 1984
2363 356
2364 1757
2365 821
2366 1534
2367 516
2368 828
2369 285
2370 2139
2371 1665
2372 2134
2373 1232
2374 2340
2375 2281
2376 850
2377 1195
2378 2162
2379 1827
2380 2187
2381 58
2382 1250
2383 1835
2384 281
2385 1778
2386 1886
2387 1465
2388 695
2389 985
2390 294
2391 2118
2392 666
2393 258
2394 459
2395 158
2396 138
2397 590
2398 2000
2399 1623
2400 257
2401 376
2402 1445
2403 1147
2404 1299
2405 1858
2406 693
2407 225
2408 207
2409 1157
2410 1744
2411 2335
2412 1469
2413 629
2414 1006
2415 324
2416 492
2417 189
2418 1851
2419 1521
2420 2038
2421 1088
2422 2052
2423 2281
2424 850
2425 667
2426 1778
2427 1443
2428 2043
2429 2295
2430 1010
2431 1355
2432 2089
2433 1538
2434 1886
2435 985
2436 359
2437 985
2438 102
2439 1542
2440 330
2441 114
2442 2373
2443 2409
2444 2342
2445 2411
2446 2000
2447 1431
2448 65
2449 376
2450 1301
2451 763
2452 915
2453 1330
2454 693
2455 2248
2456 159
2457 1013
2458 1504
2459 1951
2460 1181
2461 437
2462 478
2463 132
2464 156
2465 93
2466 1563
2467 1377
2468 1942
2469 944
2470 1764
2471 2281
2472 850
2473 139
2474 1394
2475 1059
2476 1899
2477 2151
2478 770
2479 875
2480 1513
2481 1298
2482 1886
2483 505
2484 23
2485 985
2486 2396
2487 966
2488 2482
2489 2459
2490 1893
2491 2265
2492 2150
2493 1835
2494 2000
2495 1239
2496 2369
2497 376
2498 1157
2499 379
2500 531
2501 802
2502 693
2503 1864
2504 111
2505 869
2506 1264
2507 1567
2508 893
2509 245
2510 2460
2511 2451
2512 2332
2513 2510
2514 1275
2515 1233
2516 1846
2517 800
2518 1476
2519 2281
2520 850
2521 2132
2522 1010
2523 675
2524 1755
2525 2007
2526 530
2527 395
2528 937
2529 1058
2530 1886
2531 25
2532 2219
2533 985
2534 2252
2535 390
2536 2194
2537 2363
2538 1413
2539 2121
2540 1958
2541 1259
2542 2000
2543 1047
2544 2225
2545 376
2546 1013
2547 2542
2548 147
2549 274
2550 693
2551 1480
2552 63
2553 725
2554 1024
2555 1183
2556 605
2557 53
2558 1980
2559 2307
2560 2044
2561 2462
2562 987
2563 1089
2564 1750
2565 656
2566 1188
2567 2281
2568 850
2569 1652
2570 626
2571 291
2572 1611
2573 1863
2574 290
2575 2490
2576 361
2577 818
2578 1886
2579 2124
2580 1931
2581 985
2582 2108
2583 2397
2584 1906
2585 2267
2586 933
2587 1977
2588 1766
2589 683
2590 2000
2591 855
2592 2081
2593 376
2594 869
2595 2206
2596 2359
2597 2343
2598 693
2599 1096
2600 15
2601 581
2602 784
2603 799
2604 317
2605 2466
2606 1500
2607 2163
2608 1756
2609 2414
2610 699
2611 945
2612 1654
2613 512
2614 900
2615 2281
2616 850
2617 1172
2618 242
2619 2526
2620 1467
2621 1719
2622 50
2623 2058
2624 2409
2625 578
2626 1886
2627 1692
2628 1643
2629 985
2630 1964
2631 1869
2632 1618
2633 2171
2634 453
2635 1833
2636 1574
2637 107
2638 2000
2639 663
2640 1937
2641 376
2642 725
2643 1870
2644 2023
2645 1863
2646 693
2647 712
2648 2615
2649 437
2650 544
2651 415
2652 29
2653 2322
2654 1020
2655 2019
2656 1468
2657 2366
2658 411
2659 801
2660 1558
2661 368
2662 612
2663 2281
2664 850
2665 692
2666 2524
2667 2190
2668 1323
2669 1575
2670 2480
2671 1626
2672 1881
2673 338
2674 1886
2675 1260
2676 1355
2677 985
2678 1820
2679 1341
2680 1330
2681 2075
2682 2655
2683 1689
2684 1382
2685 2216
2686 2000
2687 471
2688 1793
2689 376
2690 581
2691 1534
2692 1687
2693 1383
2694 693
2695 328
2696 2615
2697 293
2698 304
2699 31
2700 2441
2701 2178
2702 540
2703 1875
2704 1180
2705 2318
2706 123
2707 657
2708 1462
2709 224
2710 324
2711 2281
2712 850
2713 212
2714 2188
2715 1854
2716 1179
2717 1431
2718 2288
2719 1194
2720 1353
2721 98
2722 1886
2723 828
2724 1067
2725 985
2726 1676
2727 813
2728 1042
2729 1979
2730 2223
2731 1545
2732 1190
2733 1688
2734 2000
2735 279
2736 1649
2737 376
2738 437
2739 1198
2740 1351
2741 903
2742 693
2743 2687
2744 2615
2745 149
2746 64
2747 2394
2748 2201
2749 2034
2750 60
2751 1731
2752 892
2753 2270
2754 2589
2755 513
2756 1366
2757 80
2758 36
2759 2281
2760 850
2761 2493
2762 1852
2763 1518
2764 1035
2765 1287
2766 2096
2767 762
2768 825
2769 2627
2770 1886
2771 396
2772 779
2773 985
2774 1532
2775 285
2776 754
2777 1883
2778 1791
2779 1401
2780 998
2781 1160
2782 2000
2783 87
2784 1505
2785 376
2786 293
2787 862
2788 1015
2789 423
2790 693
2791 2351
2792 2615
2793 5
2794 2618
2795 2058
2796 1961
2797 1890
2798 2378
2799 1587
2800 604
2801 2222
2802 2349
2803 369
2804 1270
2805 2741
2806 2554
2807 2281
2808 850
2809 2061
2810 1516
2811 1182
2812 891
2813 1143
2814 1904
2815 330
2816 297
2817 2435
2818 1886
2819 2783
2820 491
2821 985
2822 1388
2823 2580
2824 466
2825 1787
2826 1359
2827 1257
2828 806
2829 632
2830 2000
2831 2726
2832 1361
2833 376
2834 149
2835 526
2836 679
2837 2780
2838 693
2839 2015
2840 2615
2841 2702
2842 2426
2843 1722
2844 1721
2845 1746
2846 1946
2847 1443
2848 316
2849 2174
2850 2109
2851 225
2852 1174
2853 2645
2854 2314
2855 2281
2856 850
2857 1629
2858 1180
2859 846
2860 747
2861 999
2862 1712
2863 2761
2864 2633
2865 2243
2866 1886
2867 2399
2868 203
2869 985
2870 1244
2871 2100
2872 178
2873 1691
2874 927
2875 1113
2876 614
2877 104
2878 2000
2879 2582
2880 1217
2881 376
2882 5
2883 190
2884 343
2885 2348
2886 693
2887 1679
2888 2615
2889 2606
2890 2234
2891 1386
2892 1481
2893 1602
2894 1514
2895 1299
2896 28
2897 2126
2898 1869
2899 81
2900 1078
2901 2549
2902 2074
2903 2281
2904 850
2905 1197
2906 844
2907 510
2908 603
2909 855
2910 1520
2911 2377
2912 2153
2913 2051
2914 1886
2915 2015
2916 2831
2917 985
2918 1100
2919 1620
2920 2810
2921 1595
2922 495
2923 969
2924 422
2925 2501
2926 2000
2927 2438
2928 1073
2929 376
2930 2791
2931 2785
2932 7
2933 1916
2934 693
2935 1343
2936 2615
2937 2510
2938 2042
2939 1050
2940 1241
2941 1458
2942 1082
2943 1155
2944 2684
2945 2078
2946 1629
2947 2884
2948 982
2949 2453
2950 1834
2951 2281
2952 850
2953 765
2954 508
2955 174
2956 459
2957 711
2958 1328
2959 1993
2960 1673
2961 1859
2962 1886
2963 1631
2964 2591
2965 985
2966 956
2967 1140
2968 2570
2969 1499
2970 63
2971 825
2972 230
2973 2021
2974 2000
2975 2294
2976 929
2977 376
2978 2695
2979 2497
2980 2651
2981 1484
2982 693
2983 1007
2984 2615
2985 2414
2986 1850
2987 714
2988 1001
2989 1314
2990 650
2991 1011
2992 2444
2993 2030
2994 1389
2995 2788
2996 886
2997 2357
2998 1594
2999 2281
3000 850
3001 333
3002 172
3003 2841
3004 315
3005 567
3006 1136
3007 1609
3008 1193
3009 1667
3010 1886
3011 1247
3012 2351
3013 985
3014 812
3015 660
3016 2330
3017 1403
3018 2649
3019 681
3020 38
3021 1541
3022 2000
3023 2150
3024 785
3025 376
3026 2599
3027 2209
3028 2363
3029 1052
3030 693
3031 671
3032 2615
3033 2318
3034 1658
3035 378
3036 761
3037 1170
3038 218
3039 867
3040 2204
3041 1982
3042 1149
3043 2692
3044 790
3045 2261
3046 1354
3047 2281
3048 850
3049 2950
3050 2886
3051 2553
3052 171
3053 423
3054 944
3055 1225
3056 713
3057 1475
3058 1886
3059 863
3060 2111
3061 985
3062 668
3063 180
3064 2090
3065 1307
3066 2265
3067 537
3068 2914
3069 1061
3070 2000
3071 2006
3072 641
3073 376
3074 2503
3075 1921
3076 2075
3077 620
3078 693
3079 335
3080 2615
3081 2222
3082 1466
3083 42
3084 521
3085 1026
3086 2872
3087 723
3088 1964
3089 1934
3090 909
3091 2596
3092 694
3093 2165
3094 1114
3095 2281
3096 850
3097 2566
3098 2598
3099 2265
3100 27
3101 279
3102 752
3103 841
3104 233
3105 1283
3106 1886
3107 479
3108 1871
3109 985
3110 524
3111 2811
3112 1850
3113 1211
3114 1881
3115 393
3116 2770
3117 581
3118 2000
3119 1862
3120 497
3121 376
3122 2407
3123 1633
3124 1787
3125 188
3126 693
3127 3126
3128 2615
3129 2126
3130 1274
3131 2837
3132 281
3133 882
3134 2488
3135 579
3136 1724
3137 1886
3138 669
3139 2500
3140 598
3141 2069
3142 874
3143 2281
3144 850
3145 2182
3146 2310
3147 1977
3148 3031
3149 135
3150 560
3151 457
3152 2905
3153 1091
3154 1886
3155 95
3156 1631
3157 985
3158 380
3159 2379
3160 1610
3161 1115
3162 1497
3163 249
3164 2626
3165 101
3166 2000
3167 1718
3168 353
3169 376
3170 2311
3171 1345
3172 1499
3173 2929
3174 693
3175 2838
3176 2615
3177 2030
3178 1082
3179 2549
3180 41
3181 738
3182 2104
3183 435
3184 1484
3185 1838
3186 429
3187 2404
3188 502
3189 1973
3190 634
3191 2281
3192 850
3193 1798
3194 2022
3195 1689
3196 2935
3197 3188
3198 368
3199 73
3200 2473
3201 899
3202 1886
3203 2914
3204 1391
3205 985
3206 236
3207 1947
3208 1370
3209 1019
3210 1113
3211 105
3212 2482
3213 2834
3214 2000
3215 1574
3216 209
3217 376
3218 2215
3219 1057
3220 1211
3221 2545
3222 693
3223 2550
3224 2615
3225 1934
3226 890
3227 2261
3228 3029
3229 594
3230 1720
3231 291
3232 1244
3233 1790
3234 189
3235 2308
3236 406
3237 1877
3238 394
3239 2281
3240 850
3241 1414
3242 1734
3243 1401
3244 2839
3245 3092
3246 176
3247 2936
3248 2041
3249 707
3250 1886
3251 2578
3252 1151
3253 985
3254 92
3255 1515
3256 1130
3257 923
3258 729
3259 3220
3260 2338
3261 2402
3262 2000
3263 1430
3264 65
3265 376
3266 2119
3267 769
3268 923
3269 2161
3270 693
3271 2262
3272 2615
3273 1838
3274 698
3275 1973
3276 2837
3277 450
3278 1336
3279 147
3280 1004
3281 1742
3282 3231
3283 2212
3284 310
3285 1781
3286 154
3287 2281
3288 850
3289 1030
3290 1446
3291 1113
3292 2743
3293 2996
3294 3278
3295 2600
3296 1609
3297 515
3298 1886
3299 2242
3300 911
3301 985
3302 3250
3303 1083
3304 890
3305 827
3306 345
3307 3124
3308 2194
3309 1970
3310 2000
3311 1286
3312 3233
3313 376
3314 2023
3315 481
3316 635
3317 1777
3318 693
3319 1974
3320 2615
3321 1742
3322 506
3323 1685
3324 2645
3325 306
3326 952
3327 3
3328 764
3329 1694
3330 3039
3331 2116
3332 214
3333 1685
3334 3248
3335 2281
3336 850
3337 646
3338 1158
3339 825
3340 2647
3341 2900
3342 3134
3343 2264
3344 1177
3345 323
3346 1886
3347 1906
3348 671
3349 985
3350 3154
3351 651
3352 650
3353 731
3354 3315
3355 3028
3356 2050
3357 1538
3358 2000
3359 1142
3360 3137
3361 376
3362 1927
3363 193
3364 347
3365 1393
3366 693
3367 1686
3368 2615
3369 1646
3370 314
3371 1397
3372 2453
3373 162
3374 568
3375 3234
3376 524
3377 1646
3378 2847
3379 2020
3380 118
3381 1589
3382 3056
3383 2281
3384 850
3385 262
3386 870
3387 537
3388 2551
3389 2804
3390 2990
3391 1928
3392 745
3393 131
3394 1886
3395 1570
3396 431
3397 985
3398 3058
3399 219
3400 410
3401 635
3402 2979
3403 2932
3404 1906
3405 1106
3406 2000
3407 998
3408 3041
3409 376
3410 1831
3411 3316
3412 59
3413 1009
3414 693
3415 1398
3416 2615
3417 1550
3418 122
3419 1109
3420 2261
3421 18
3422 184
3423 3138
3424 284
3425 1598
3426 2655
3427 1924
3428 22
3429 1493
3430 2864
3431 2281
3432 850
3433 3311
3434 582
3435 249
3436 2455
3437 2708
3438 2846
3439 1592
3440 313
3441 3380
3442 1886
3443 1234
3444 191
3445 985
3446 2962
3447 3234
3448 170
3449 539
3450 2643
3451 2836
3452 1762
3453 674
3454 2000
3455 854
3456 2945
3457 376
3458 1735
3459 3076
3460 3231
3461 625
3462 693
3463 1110
3464 2615
3465 1454
3466 3396
3467 821
3468 2069
3469 3343
3470 3270
3471 3042
3472 44
3473 1550
3474 2463
3475 1828
3476 3402
3477 1397
3478 2672
3479 2281
3480 850
3481 2975
3482 294
3483 3444
3484 2359
3485 2612
3486 2702
3487 1256
3488 3369
3489 3236
3490 1886
3491 898
3492 3443
3493 985
3494 2866
3495 2850
3496 3426
3497 443
3498 2307
3499 2740
3500 1618
3501 242
3502 2000
3503 710
3504 2849
3505 376
3506 1639
3507 2836
3508 2991
3509 241
3510 693
3511 822
3512 2615
3513 1358
3514 3252
3515 533
3516 1877
3517 3247
3518 2934
3519 2946
3520 3324
3521 1502
3522 2271
3523 1732
3524 3354
3525 1301
3526 2480
3527 2281
3528 850
3529 2639
3530 6
3531 3204
3532 2263
3533 2516
3534 2558
3535 920
3536 2985
3537 3092
3538 1886
3539 562
3540 3251
3541 985
3542 2770
3543 2466
3544 3234
3545 347
3546 1971
3547 2644
3548 1474
3549 3359
3550 2000
3551 566
3552 2753
3553 376
3554 1543
3555 2596
3556 2751
3557 3414
3558 693
3559 534
3560 2615
3561 1262
3562 3108
3563 245
3564 1685
3565 3151
3566 2598
3567 2850
3568 3132
3569 1454
3570 2079
3571 1636
3572 3306
3573 1205
3574 2288
3575 2281
3576 850
3577 2303
3578 3296
3579 2964
3580 2167
3581 2420
3582 2414
3583 584
3584 2601
3585 2948
3586 1886
3587 226
3588 3059
3589 985
3590 2674
3591 2082
3592 3042
3593 251
3594 1635
3595 2548
3596 1330
3597 2975
3598 2000
3599 422
3600 2657
3601 376
3602 1447
3603 2356
3604 2511
3605 3078
3606 693
3607 246
3608 2615
3609 1166
3610 2964
3611 3568
3612 1493
3613 3055
3614 2262
3615 2754
3616 2940
3617 1406
3618 1887
3619 1540
3620 3258
3621 1109
3622 2096
3623 2281
3624 850
3625 1967
3626 3056
3627 2724
3628 2071
3629 2324
3630 2270
3631 248
3632 2217
3633 2804
3634 1886
3635 3525
3636 2867
3637 985
3638 2578
3639 1698
3640 2850
3641 155
3642 1299
3643 2452
3644 1186
3645 2591
3646 2000
3647 278
3648 2561
3649 376
3650 1351
3651 2116
3652 2271
3653 2742
3654 693
3655 3613
3656 2615
3657 1070
3658 2820
3659 3328
3660 1301
3661 2959
3662 1926
3663 2658
3664 2748
3665 1358
3666 1695
3667 1444
3668 3210
3669 1013
3670 1904
3671 2281
3672 850
3673 1631
3674 2816
3675 2484
3676 1975
3677 2228
3678 2126
3679 3591
3680 1833
3681 2660
3682 1886
3683 3237
3684 2675
3685 985
3686 2482
3687 1314
3688 2658
3689 59
3690 963
3691 2356
3692 1042
3693 2207
3694 2000
3695 134
3696 2465
3697 376
3698 1255
3699 1876
3700 2031
3701 2406
3702 693
3703 3373
3704 2615
3705 974
3706 2676
3707 3088
3708 1109
3709 2863
3710 1590
3711 2562
3712 2556
3713 1310
3714 1503
3715 1348
3716 3162
3717 917
3718 1712
3719 2281
3720 850
3721 1295
3722 2576
3723 2244
3724 1879
3725 2132
3726 1982
3727 3303
3728 1449
3729 2516
3730 1886
3731 2949
3732 2483
3733 985
3734 2386
3735 930
3736 2466
3737 3700
3738 627
3739 2260
3740 898
3741 1823
3742 2000
3743 3733
3744 2369
3745 376
3746 1159
3747 1636
3748 1791
3749 2070
3750 693
3751 3133
3752 2615
3753 878
3754 2532
3755 2848
3756 917
3757 2767
3758 1254
3759 2466
3760 2364
3761 1262
3762 1311
3763 1252
3764 3114
3765 821
3766 1520
3767 2281
3768 850
3769 959
3770 2336
3771 2004
3772 1783
3773 2036
3774 1838
3775 3015
3776 1065
3777 2372
3778 1886
3779 2661
3780 2291
3781 985
3782 2290
3783 546
3784 2274
3785 3652
3786 291
3787 2164
3788 754
3789 1439
3790 2000
3791 3637
3792 2273
3793 376
3794 1063
3795 1396
3796 1551
3797 1734
3798 693
3799 2893
3800 2615
3801 782
3802 2388
3803 2608
3804 725
3805 2671
3806 918
3807 2370
3808 2172
3809 1214
3810 1119
3811 1156
3812 3066
3813 725
3814 1328
3815 2281
3816 850
3817 623
3818 2096
3819 1764
3820 1687
3821 1940
3822 1694
3823 2727
3824 681
3825 2228
3826 1886
3827 2373
3828 2099
3829 985
3830 2194
3831 162
3832 2082
3833 3604
3834 3789
3835 2068
3836 610
3837 1055
3838 2000
3839 3541
3840 2177
3841 376
3842 967
3843 1156
3844 1311
3845 1398
3846 693
3847 2653
3848 2615
3849 686
3850 2244
3851 2368
3852 533
3853 2575
3854 582
3855 2274
3856 1980
3857 1166
3858 927
3859 1060
3860 3018
3861 629
3862 1136
3863 2281
3864 850
3865 287
3866 1856
3867 1524
3868 1591
3869 1844
3870 1550
3871 2439
3872 297
3873 2084
3874 1886
3875 2085
3876 1907
3877 985
3878 2098
3879 3657
3880 1890
3881 3556
3882 3501
3883 1972
3884 466
3885 671
3886 2000
3887 3445
3888 2081
3889 376
3890 871
3891 916
3892 1071
3893 1062
3894 693
3895 2413
3896 2615
3897 590
3898 2100
3899 2128
3900 341
3901 2479
3902 246
3903 2178
3904 1788
3905 1118
3906 735
3907 964
3908 2970
3909 533
3910 944
3911 2281
3912 850
3913 3864
3914 1616
3915 1284
3916 1495
3917 1748
3918 1406
3919 2151
3920 3833
3921 1940
3922 1886
3923 1797
3924 1715
3925 985
3926 2002
3927 3321
3928 1698
3929 3508
3930 3213
3931 1876
3932 322
3933 287
3934 2000
3935 3349
3936 1985
3937 376
3938 775
3939 676
3940 831
3941 726
3942 693
3943 2173
3944 2615
3945 494
3946 1956
3947 1888
3948 149
3949 2383
3950 3860
3951 2082
3952 1596
3953 1070
3954 543
3955 868
3956 2922
3957 437
3958 752
3959 2281
3960 850
3961 3576
3962 1376
3963 1044
3964 1399
3965 1652
3966 1262
3967 1863
3968 3497
3969 1796
3970 1886
3971 1509
3972 1523
3973 985
3974 1906
3975 2985
3976 1506
3977 3460
3978 2925
3979 1780
3980 178
3981 3884
3982 2000
3983 3253
3984 1889
3985 376
3986 679
3987 436
3988 591
3989 390
3990 693
3991 1933
3992 2615
3993 398
3994 1812
3995 1648
3996 3953
3997 2287
3998 3572
3999 1986
4000 1404
4001 1022
4002 351
4003 772
4004 2874
4005 341
4006 560
4007 2281
4008 850
4009 3288
4010 1136
4011 804
4012 1303
4013 1556
4014 1118
4015 1575
4016 3161
4017 1652
4018 1886
4019 1221
4020 1331
4021 985
4022 1810
4023 2649
4024 1314
4025 3412
4026 2637
4027 1684
4028 34
4029 3548
4030 2000
4031 3157
4032 1793
4033 376
4034 583
4035 196
4036 351
4037 54
4038 693
4039 1693
4040 2615
4041 302
4042 1668
4043 1408
4044 3809
4045 2191
4046 3284
4047 1890
4048 1212
4049 974
4050 159
4051 676
4052 2826
4053 245
4054 368
4055 2281
4056 850
4057 3000
4058 896
4059 564
4060 1207
4061 1460
4062 974
4063 1287
4064 2825
4065 1508
4066 1886
4067 933
4068 1139
4069 985
4070 1714
4071 2313
4072 1122
4073 3364
4074 2349
4075 1588
4076 3966
4077 3212
4078 2000
4079 3061
4080 1697
4081 376
4082 487
4083 4039
4084 111
4085 3803
4086 693
4087 1453
4088 2615
4089 206
4090 1524
4091 1168
4092 3665
4093 2095
4094 2996
4095 1794
4096 1020
4097 926
4098 4065
4099 580
4100 2778
4101 149
4102 176
4103 2281
4104 850
4105 2712
4106 656
4107 324
4108 1111
4109 1364
4110 830
4111 999
4112 2489
4113 1364
4114 1886
4115 645
4116 947
4117 985
4118 1618
4119 1977
4120 930
4121 3316
4122 2061
4123 1492
4124 3870
4125 2876
4126 2000
4127 2965
4128 1601
4129 376
4130 391
4131 3847
4132 4003
4133 3515
4134 693
4135 1213
4136 2615
4137 110
4138 1380
4139 928
4140 3521
4141 1999
4142 2708
4143 1698
4144 828
4145 878
4146 3921
4147 484
4148 2730
4149 53
4150 4134
4151 2281
4152 850
4153 2424
4154 416
4155 84
4156 1015
4157 1268
4158 686
4159 711
4160 2153
4161 1220
4162 1886
4163 357
4164 755
4165 985
4166 1522
4167 1641
4168 738
4169 3268
4170 1773
4171 1396
4172 3774
4173 2540
4174 2000
4175 2869
4176 1505
4177 376
4178 295
4179 3655
4180 3811
4181 3227
4182 693
4183 973
4184 2615
4185 14
4186 1236
4187 688
4188 3377
4189 1903
4190 2420
4191 1602
4192 636
4193 830
4194 3777
4195 388
4196 2682
4197 4154
4198 3990
4199 2281
4200 850
4201 2136
4202 176
4203 4047
4204 919
4205 1172
4206 542
4207 423
4208 1817
4209 1076
4210 1886
4211 69
4212 563
4213 985
4214 1426
4215 1305
4216 546
4217 3220
4218 1485
4219 1300
4220 3678
4221 2204
4222 2000
4223 2773
4224 1409
4225 376
4226 199
4227 3463
4228 3619
4229 2939
4230 693
4231 733
4232 2615
4233 4151
4234 1092
4235 448
4236 3233
4237 1807
4238 2132
4239 1506
4240 444
4241 782
4242 3633
4243 292
4244 2634
4245 4106
4246 3846
4247 2281
4248 850
4249 1848
4250 4186
4251 3855
4252 823
4253 1076
4254 398
4255 135
4256 1481
4257 932
4258 1886
4259 4040
4260 371
4261 985
4262 1330
4263 969
4264 354
4265 3172
4266 1197
4267 1204
4268 3582
4269 1868
4270 2000
4271 2677
4272 1313
4273 376
4274 103
4275 3271
4276 3427
4277 2651
4278 693
4279 493
4280 2615
4281 4103
4282 948
4283 208
4284 3089
4285 1711
4286 1844
4287 1410
4288 252
4289 734
4290 3489
4291 196
4292 2586
4293 4058
4294 3702
4295 2281
4296 850
4297 1560
4298 3994
4299 3663
4300 727
4301 980
4302 254
4303 4150
4304 1145
4305 788
4306 1886
4307 3800
4308 179
4309 985
4310 1234
4311 633
4312 162
4313 3124
4314 909
4315 1108
4316 3486
4317 1532
4318 2000
4319 2581
4320 1217
4321 376
4322 7
4323 3079
4324 3235
4325 2363
4326 693
4327 253
4328 2615
4329 4055
4330 804
4331 4299
4332 2945
4333 1615
4334 1556
4335 1314
4336 60
4337 686
4338 3345
4339 100
4340 2538
4341 4010
4342 3558
4343 2281
4344 850
4345 1272
4346 3802
4347 3471
4348 631
4349 884
4350 110
4351 3910
4352 809
4353 644
4354 1886
4355 3560
4356 4343
4357 985
4358 1138
4359 297
4360 4330
4361 3076
4362 621
4363 1012
4364 3390
4365 1196
4366 2000
4367 2485
4368 1121
4369 376
4370 4281
4371 2887
4372 3043
4373 2075
4374 693
4375 13
4376 2615
4377 4007
4378 660
4379 4107
4380 2801
4381 1519
4382 1268
4383 1218
4384 4252
4385 638
4386 3201
4387 4
4388 2490
4389 3962
4390 3414
4391 2281
4392 850
4393 984
4394 3610
4395 3279
4396 535
4397 788
4398 4364
4399 3670
4400 473
4401 500
4402 1886
4403 3320
4404 4199
4405 985
4406 1042
4407 4368
4408 4186
4409 3028
4410 333
4411 916
4412 3294
4413 860
4414 2000
4415 2389
4416 1025
4417 376
4418 4233
4419 2695
4420 2851
4421 1787
4422 693
4423 4196
4424 2615
4425 3959
4426 516
4427 3915
4428 2657
4429 1423
4430 980
4431 1122
4432 4108
4433 590
4434 3057
4435 4343
4436 2442
4437 3914
4438 3270
4439 2281
4440 850
4441 696
4442 3418
4443 3087
4444 439
4445 692
4446 4268
4447 3430
4448 137
4449 356
4450 1886
4451 3080
4452 4055
4453 985
4454 946
4455 4080
4456 4042
4457 2980
4458 45
4459 820
4460 3198
4461 524
4462 2000
4463 2293
4464 929
4465 376
4466 4185
4467 2503
4468 2659
4469 1499
4470 693
4471 4004
4472 2615
4473 3911
4474 372
4475 3723
4476 2513
4477 1327
4478 692
4479 1026
4480 3964
4481 542
4482 2913
4483 4295
4484 2394
4485 3866
4486 3126
4487 2281
4488 850
4489 408
4490 3226
4491 2895
4492 343
4493 596
4494 4172
4495 3190
4496 4297
4497 212
4498 1886
4499 2840
4500 3911
4501 985
4502 850
4503 3792
4504 3898
4505 2932
4506 4263
4507 724
4508 3102
4509 188
4510 2000
4511 2197
4512 833
4513 376
4514 4137
4515 2311
4516 2467
4517 1211
4518 693
4519 3812
4520 2615
4521 3863
4522 228
4523 3531
4524 2369
4525 1231
4526 404
4527 930
4528 3820
4529 494
4530 2769
4531 4247
4532 2346
4533 3818
4534 2982
4535 2281
4536 850
4537 120
4538 3034
4539 2703
4540 247
4541 500
4542 4076
4543 2950
4544 4009
4545 68
4546 1886
4547 2600
4548 3767
4549 985
4550 754
4551 3504
4552 3754
4553 2884
4554 4023
4555 628
4556 3006
4557 4409
4558 2000
4559 2101
4560 737
4561 376
4562 4089
4563 2119
4564 2275
4565 923
4566 693
4567 3620
4568 2615
4569 3815
4570 84
4571 3339
4572 2225
4573 1135
4574 116
4575 834
4576 3676
4577 446
4578 2625
4579 4199
4580 2298
4581 3770
4582 2838
4583 2281
4584 850
4585 4417
4586 2842
4587 2511
4588 151
4589 404
4590 3980
4591 2710
4592 3721
4593 4517
4594 1886
4595 2360
4596 3623
4597 985
4598 658
4599 3216
4600 3610
4601 2836
4602 3783
4603 532
4604 2910
4605 4121
4606 2000
4607 2005
4608 641
4609 376
4610 4041
4611 1927
4612 2083
4613 635
4614 693
4615 3428
4616 2615
4617 3767
4618 4558
4619 3147
4620 2081
4621 1039
4622 4450
4623 738
4624 3532
4625 398
4626 2481
4627 4151
4628 2250
4629 3722
4630 2694
4631 2281
4632 850
4633 4177
4634 2650
4635 2319
4636 55
4637 308
4638 3884
4639 2470
4640 3433
4641 4421
4642 1886
4643 2120
4644 3479
4645 985
4646 562
4647 2928
4648 3466
4649 2788
4650 3543
4651 436
4652 2814
4653 3833
4654 2000
4655 1909
4656 545
4657 376
4658 3993
4659 1735
4660 1891
4661 347
4662 693
4663 3236
4664 2615
4665 3719
4666 4462
4667 2955
4668 1937
4669 943
4670 4210
4671 642
4672 3388
4673 350
4674 2337
4675 4103
4676 2202
4677 3674
4678 2550
4679 2281
4680 850
4681 3937
4682 2458
4683 2127
4684 4643
4685 212
4686 3788
4687 2230
4688 3145
4689 4325
4690 1886
4691 1880
4692 3335
4693 985
4694 466
4695 2640
4696 3322
4697 2740
4698 3303
4699 340
4700 2718
4701 3545
4702 2000
4703 1813
4704 449
4705 376
4706 3945
4707 1543
4708 1699
4709 59
4710 693
4711 3044
4712 2615
4713 3671
4714 4366
4715 2763
4716 1793
4717 847
4718 3970
4719 546
4720 3244
4721 302
4722 2193
4723 4055
4724 2154
4725 3626
4726 2406
4727 2281
4728 850
4729 3697
4730 2266
4731 1935
4732 4595
4733 116
4734 3692
4735 1990
4736 2857
4737 4229
4738 1886
4739 1640
4740 3191
4741 985
4742 370
4743 2352
4744 3178
4745 2692
4746 3063
4747 244
4748 2622
4749 3257
4750 2000
4751 1717
4752 353
4753 376
4754 3897
4755 1351
4756 1507
4757 4528
4758 693
4759 2852
4760 2615
4761 3623
4762 4270
4763 2571
4764 1649
4765 751
4766 3730
4767 450
4768 3100
4769 254
4770 2049
4771 4007
4772 2106
4773 3578
4774 2262
4775 2281
4776 850
4777 3457
4778 2074
4779 1743
4780 4547
4781 20
4782 3596
4783 1750
4784 2569
4785 4133
4786 1886
4787 1400
4788 3047
4789 985
4790 274
4791 2064
4792 3034
4793 2644
4794 2823
4795 148
4796 2526
4797 2969
4798 2000
4799 1621
4800 257
4801 376
4802 3849
4803 1159
4804 1315
4805 4288
4806 693
4807 2660
4808 2615
4809 3575
4810 4174
4811 2379
4812 1505
4813 655
4814 3490
4815 354
4816 2956
4817 206
4818 1905
4819 3959
4820 2058
4821 3530
4822 2118
4823 2281
4824 850
4825 3217
4826 1882
4827 1551
4828 4499
4829 4753
4830 3500
4831 1510
4832 2281
4833 4037
4834 1886
4835 1160
4836 2903
4837 985
4838 178
4839 1776
4840 2890
4841 2596
4842 2583
4843 52
4844 2430
4845 2681
4846 2000
4847 1525
4848 161
4849 376
4850 3801
4851 967
4852 1123
4853 4048
4854 693
4855 2468
4856 2615
4857 3527
4858 4078
4859 2187
4860 1361
4861 559
4862 3250
4863 258
4864 2812
4865 158
4866 1761
4867 3911
4868 2010
4869 3482
4870 1974
4871 2281
4872 850
4873 2977
4874 1690
4875 1359
4876 4451
4877 4705
4878 3404
4879 1270
4880 1993
4881 3941
4882 1886
4883 920
4884 2759
4885 985
4886 82
4887 1488
4888 2746
4889 2548
4890 2343
4891 4847
4892 2334
4893 2393
4894 2000
4895 1429
4896 65
4897 376
4898 3753
4899 775
4900 931
4901 3808
4902 693
4903 2276
4904 2615
4905 3479
4906 3982
4907 1995
4908 1217
4909 463
4910 3010
4911 162
4912 2668
4913 110
4914 1617
4915 3863
4916 1962
4917 3434
4918 1830
4919 2281
4920 850
4921 2737
4922 1498
4923 1167
4924 4403
4925 4657
4926 3308
4927 1030
4928 1705
4929 3845
4930 1886
4931 680
4932 2615
4933 985
4934 4920
4935 1200
4936 2602
4937 2500
4938 2103
4939 4799
4940 2238
4941 2105
4942 2000
4943 1333
4944 4913
4945 376
4946 3705
4947 583
4948 739
4949 3568
4950 693
4951 2084
4952 2615
4953 3431
4954 3886
4955 1803
4956 1073
4957 367
4958 2770
4959 66
4960 2524
4961 62
4962 1473
4963 3815
4964 1914
4965 3386
4966 1686
4967 2281
4968 850
4969 2497
4970 1306
4971 975
4972 4355
4973 4609
4974 3212
4975 790
4976 1417
4977 3749
4978 1886
4979 440
4980 2471
4981 985
4982 4872
4983 912
4984 2458
4985 2452
4986 1863
4987 4751
4988 2142
4989 1817
4990 2000
4991 1237
4992 4865
4993 376
4994 3657
4995 391
4996 547
4997 3328
4998 693
4999 1892
5000 2615
5001 3383
5002 3790
5003 1611
5004 929
5005 271
5006 2530
5007 4977
5008 2380
5009 14
5010 1329
5011 3767
5012 1866
5013 3338
5014 1542
5015 2281
5016 850
5017 2257
5018 1114
5019 783
5020 4307
5021 4561
5022 3116
5023 550
5024 1129
5025 3653
5026 1886
5027 200
5028 2327
5029 985
5030 4824
5031 624
5032 2314
5033 2404
5034 1623
5035 4703
5036 2046
5037 1529
5038 2000
5039 1141
5040 4817
5041 376
5042 3609
5043 199
5044 355
5045 3088
5046 693
5047 1700
5048 2615
5049 3335
5050 3694
5051 1419
5052 785
5053 175
5054 2290
5055 4929
5056 2236
5057 5023
5058 1185
5059 3719
5060 1818
5061 3290
5062 1398
5063 2281
5064 850
5065 2017
5066 922
5067 591
5068 4259
5069 4513
5070 3020
5071 310
5072 841
5073 3557
5074 1886
5075 5035
5076 2183
5077 985
5078 4776
5079 336
5080 2170
5081 2356
5082 1383
5083 4655
5084 1950
5085 1241
5086 2000
5087 1045
5088 4769
5089 376
5090 3561
5091 7
5092 163
5093 2848
5094 693
5095 1508
5096 2615
5097 3287
5098 3598
5099 1227
5100 641
5101 79
5102 2050
5103 4881
5104 2092
5105 5023
5106 1041
5107 3671
5108 1770
5109 3242
5110 1254
5111 2281
5112 850
5113 1777
5114 730
5115 399
5116 4211
5117 4465
5118 2924
5119 70
5120 553
5121 3461
5122 1886
5123 4843
5124 2039
5125 985
5126 4728
5127 48
5128 2026
5129 2308
5130 1143
5131 4607
5132 1854
5133 953
5134 2000
5135 949
5136 4721
5137 376
5138 3513
5139 4954
5140 5111
5141 2608
5142 693
5143 1316
5144 2615
5145 3239
5146 3502
5147 1035
5148 497
5149 5132
5150 1810
5151 4833
5152 1948
5153 5023
5154 897
5155 3623
5156 1722
5157 3194
5158 1110
5159 2281
5160 850
5161 1537
5162 538
5163 207
5164 4163
5165 4417
5166 2828
5167 4997
5168 265
5169 3365
5170 1886
5171 4651
5172 1895
5173 985
5174 4680
5175 4935
5176 1882
5177 2260
5178 903
5179 4559
5180 1758
5181 665
5182 2000
5183 853
5184 4673
5185 376
5186 3465
5187 4810
5188 4967
5189 2368
5190 693
5191 1124
5192 2615
5193 3191
5194 3406
5195 843
5196 353
5197 5084
5198 1570
5199 4785
5200 1804
5201 5023
5202 753
5203 3575
5204 1674
5205 3146
5206 966
5207 2281
5208 850
5209 1297
5210 346
5211 15
5212 4115
5213 4369
5214 2732
5215 4805
5216 5193
5217 3269
5218 1886
5219 4459
5220 1751
5221 985
5222 4632
5223 4695
5224 1738
5225 2212
5226 663
5227 4511
5228 1662
5229 377
5230 2000
5231 757
5232 4625
5233 376
5234 3417
5235 4666
5236 4823
5237 2128
5238 693
5239 932
5240 2615
5241 3143
5242 3310
5243 651
5244 209
5245 5036
5246 1330
5247 4737
5248 1660
5249 5023
5250 609
5251 3527
5252 1626
5253 3098
5254 822
5255 2281
5256 850
5257 1057
5258 154
5259 5082
5260 4067
5261 4321
5262 2636
5263 4613
5264 4953
5265 3173
5266 1886
5267 4267
5268 1607
5269 985
5270 4584
5271 4455
5272 1594
5273 2164
5274 423
5275 4463
5276 1566
5277 89
5278 2000
5279 661
5280 4577
5281 376
5282 3369
5283 4522
5284 4679
5285 1888
5286 693
5287 740
5288 2615
5289 3095
5290 3214
5291 459
5292 65
5293 4988
5294 1090
5295 4689
5296 1516
5297 5023
5298 465
5299 3479
5300 1578
5301 3050
5302 678
5303 2281
5304 850
5305 817
5306 5268
5307 4938
5308 4019
5309 4273
5310 2540
5311 4421
5312 4713
5313 3077
5314 1886
5315 4075
5316 1463
5317 985
5318 4536
5319 4215
5320 1450
5321 2116
5322 183
5323 4415
5324 1470
5325 5126
5326 2000
5327 565
5328 4529
5329 376
5330 3321
5331 4378
5332 4535
5333 1648
5334 693
5335 548
5336 2615
5337 3047
5338 3118
5339 267
5340 5261
5341 4940
5342 850
5343 4641
5344 1372
5345 5023
5346 321
5347 3431
5348 1530
5349 3002
5350 534
5351 2281
5352 850
5353 577
5354 5124
5355 4794
5356 3971
5357 4225
5358 2444
5359 4229
5360 4473
5361 2981
5362 1886
5363 3883
5364 1319
5365 985
5366 4488
5367 3975
5368 1306
5369 2068
5370 5313
5371 4367
5372 1374
5373 4886
5374 2000
5375 469
5376 4481
5377 376
5378 3273
5379 4234
5380 4391
5381 1408
5382 693
5383 356
5384 2615
5385 2999
5386 3022
5387 75
5388 5165
5389 4892
5390 610
5391 4593
5392 1228
5393 5023
5394 177
5395 3383
5396 1482
5397 2954
5398 390
5399 2281
5400 850
5401 337
5402 4980
5403 4650
5404 3923
5405 4177
5406 2348
5407 4037
5408 4233
5409 2885
5410 1886
5411 3691
5412 1175
5413 985
5414 4440
5415 3735
5416 1162
5417 2020
5418 5121
5419 4319
5420 1278
5421 4646
5422 2000
5423 373
5424 4433
5425 376
5426 3225
5427 4090
5428 4247
5429 1168
5430 693
5431 164
5432 2615
5433 2951
5434 2926
5435 5318
5436 5069
5437 4844
5438 370
5439 4545
5440 1084
5441 5023
5442 33
5443 3335
5444 1434
5445 2906
5446 246
5447 2281
5448 850
5449 97
5450 4836
5451 4506
5452 3875
5453 4129
5454 2252
5455 3845
5456 3993
5457 2789
5458 1886
5459 3499
5460 1031
5461 985
5462 4392
5463 3495
5464 1018
5465 1972
5466 4929
5467 4271
5468 1182
5469 4406
5470 2000
5471 277
5472 4385
5473 376
5474 3177
5475 3946
5476 4103
5477 928
5478 693
5479 5451
5480 2615
5481 2903
5482 2830
5483 5174
5484 4973
5485 4796
5486 130
5487 4497
5488 940
5489 5023
5490 5379
5491 3287
5492 1386
5493 2858
5494 102
5495 2281
5496 850
5497 5354
5498 4692
5499 4362
5500 3827
5501 4081
5502 2156
5503 3653
5504 3753
5505 2693
5506 1886
5507 3307
5508 887
5509 985
5510 4344
5511 3255
5512 874
5513 1924
5514 4737
5515 4223
5516 1086
5517 4166
5518 2000
5519 181
5520 4337
5521 376
5522 3129
5523 3802
5524 3959
5525 688
5526 693
5527 5307
5528 2615
5529 2855
5530 2734
5531 5030
5532 4877
5533 4748
5534 5424
5535 4449
5536 796
5537 5023
5538 5283
5539 3239
5540 1338
5541 2810
5542 5500
5543 2281
5544 850
5545 5162
5546 4548
5547 4218
5548 3779
5549 4033
5550 2060
5551 3461
5552 3513
5553 2597
5554 1886
5555 3115
5556 743
5557 985
5558 4296
5559 3015
5560 730
5561 1876
5562 4545
5563 4175
5564 990
5565 3926
5566 2000
5567 85
5568 4289
5569 376
5570 3081
5571 3658
5572 3815
5573 448
5574 693
5575 5163
5576 2615
5577 2807
5578 2638
5579 4886
5580 4781
5581 4700
5582 5232
5583 4401
5584 652
5585 5023
5586 5187
5587 3191
5588 1290
5589 2762
5590 5404
5591 2281
5592 850
5593 4970
5594 4404
5595 4074
5596 3731
5597 3985
5598 1964
5599 3269
5600 3273
5601 2501
5602 1886
5603 2923
5604 599
5605 985
5606 4248
5607 2775
5608 586
5609 1828
5610 4353
5611 4127
5612 894
5613 3686
5614 2000
5615 5604
5616 4241
5617 376
5618 3033
5619 3514
5620 3671
5621 208
5622 693
5623 5019
5624 2615
5625 2759
5626 2542
5627 4742
5628 4685
5629 4652
5630 5040
5631 4353
5632 508
5633 5023
5634 5091
5635 3143
5636 1242
5637 2714
5638 5308
5639 2281
5640 850
5641 4778
5642 4260
5643 3930
5644 3683
5645 3937
5646 1868
5647 3077
5648 3033
5649 2405
5650 1886
5651 2731
5652 455
5653 985
5654 4200
5655 2535
5656 442
5657 1780
5658 4161
5659 4079
5660 798
5661 3446
5662 2000
5663 5556
5664 4193
5665 376
5666 2985
5667 3370
5668 3527
5669 5637
5670 693
5671 4875
5672 2615
5673 2711
5674 2446
5675 4598
5676 4589
5677 4604
5678 4848
5679 4305
5680 364
5681 5023
5682 4995
5683 3095
5684 1194
5685 2666
5686 5212
5687 2281
5688 850
5689 4586
5690 4116
5691 3786
5692 3635
5693 3889
5694 1772
5695 2885
5696 2793
5697 2309
5698 1886
5699 2539
5700 311
5701 985
5702 4152
5703 2295
5704 298
5705 1732
5706 3969
5707 4031
5708 702
5709 3206
5710 2000
5711 5508
5712 4145
5713 376
5714 2937
5715 3226
5716 3383
5717 5445
5718 693
5719 4731
5720 2615
5721 2663
5722 2350
5723 4454
5724 4493
5725 4556
5726 4656
5727 4257
5728 220
5729 5023
5730 4899
5731 3047
5732 1146
5733 2618
5734 5116
5735 2281
5736 850
5737 4394
5738 3972
5739 3642
5740 3587
5741 3841
5742 1676
5743 2693
5744 2553
5745 2213
5746 1886
5747 2347
5748 167
5749 985
5750 4104
5751 2055
5752 154
5753 1684
5754 3777
5755 3983
5756 606
5757 2966
5758 2000
5759 5460
5760 4097
5761 376
5762 2889
5763 3082
5764 3239
5765 5253
5766 693
5767 4587
5768 2615
5769 2615
5770 2254
5771 4310
5772 4397
5773 4508
5774 4464
5775 4209
5776 76
5777 5023
5778 4803
5779 2999
5780 1098
5781 2570
5782 5020
5783 2281
5784 850
5785 4202
5786 3828
5787 3498
5788 3539
5789 3793
5790 1580
5791 2501
5792 2313
5793 2117
5794 1886
5795 2155
5796 23
5797 985
5798 4056
5799 1815
5800 10
5801 1636
5802 3585
5803 3935
5804 510
5805 2726
5806 2000
5807 5412
5808 4049
5809 376
5810 2841
5811 2938
5812 3095
5813 5061
5814 693
5815 4443
5816 2615
5817 2567
5818 2158
5819 4166
5820 4301
5821 4460
5822 4272
5823 4161
5824 5756
5825 5023
5826 4707
5827 2951
5828 1050
5829 2522
5830 4924
5831 2281
5832 850
5833 4010
5834 3684
5835 3354
5836 3491
5837 3745
5838 1484
5839 2309
5840 2073
5841 2021
5842 1886
5843 1963
5844 5723
5845 985
5846 4008
5847 1575
5848 5714
5849 1588
5850 3393
5851 3887
5852 414
5853 2486
5854 2000
5855 5364
5856 4001
5857 376
5858 2793
5859 2794
5860 2951
5861 4869
5862 693
5863 4299
5864 2615
5865 2519
5866 2062
5867 4022
5868 4205
5869 4412
5870 4080
5871 4113
5872 5660
5873 5023
5874 4611
5875 2903
5876 1002
5877 2474
5878 4828
5879 2281
5880 850
5881 3818
5882 3540
5883 3210
5884 3443
5885 3697
5886 1388
5887 2117
5888 1833
5889 1925
5890 1886
5891 1771
5892 5627
5893 985
5894 3960
5895 1335
5896 5618
5897 1540
5898 3201
5899 3839
5900 318
5901 2246
5902 2000
5903 5316
5904 3953
5905 376
5906 2745
5907 2650
5908 2807
5909 4677
5910 693
5911 4155
5912 2615
5913 2471
5914 1966
5915 3878
5916 4109
5917 4364
5918 3888
5919 4065
5920 5564
5921 5023
5922 4515
5923 2855
5924 954
5925 2426
5926 4732
5927 2281
5928 850
5929 3626
5930 3396
5931 3066
5932 3395
5933 3649
5934 1292
5935 1925
5936 1593
5937 1829
5938 1886
5939 1579
5940 5531
5941 985
5942 3912
5943 1095
5944 5522
5945 1492
5946 3009
5947 3791
5948 222
5949 2006
5950 2000
5951 5268
5952 3905
5953 376
5954 2697
5955 2506
5956 2663
5957 4485
5958 693
5959 4011
5960 2615
5961 2423
5962 1870
5963 3734
5964 4013
5965 4316
5966 3696
5967 4017
5968 5468
5969 5023
5970 4419
5971 2807
5972 906
5973 2378
5974 4636
5975 2281
5976 850
5977 3434
5978 3252
5979 2922
5980 3347
5981 3601
5982 1196
5983 1733
5984 1353
5985 1733
5986 1886
5987 1387
5988 5435
5989 985
5990 3864
5991 855
5992 5426
5993 1444
5994 2817
5995 3743
5996 126
5997 1766
5998 2000
5999 5220
6000 3857
6001 376
6002 2649
6003 2362
6004 2519
6005 4293
6006 693
6007 3867
6008 2615
6009 2375
6010 1774
6011 3590
6012 3917
6013 4268
6014 3504
6015 3969
6016 5372
6017 5023
6018 4323
6019 2759
6020 858
6021 2330
6022 4540
6023 2281
6024 850
6025 3242
6026 3108
6027 2778
6028 3299
6029 3553
6030 1100
6031 1541
6032 1113
6033 1637
6034 1886
6035 1195
6036 5339
6037 985
6038 3816
6039 615
6040 5330
6041 1396
6042 2625
6043 3695
6044 30
6045 1526
6046 2000
6047 5172
6048 3809
6049 376
6050 2601
6051 2218
6052 2375
6053 4101
6054 693
6055 3723
6056 2615
6057 2327
6058 1678
6059 3446
6060 3821
6061 4220
6062 3312
6063 3921
6064 5276
6065 5023
6066 4227
6067 2711
6068 810
6069 2282
6070 4444
6071 2281
6072 850
6073 3050
6074 2964
6075 2634
6076 3251
6077 3505
6078 1004
6079 1349
6080 873
6081 1541
6082 1886
6083 1003
6084 5243
6085 985
6086 3768
6087 375
6088 5234
6089 1348
6090 2433
6091 3647
6092 6026
6093 1286
6094 2000
6095 5124
6096 3761
6097 376
6098 2553
6099 2074
6100 2231
6101 3909
6102 693
6103 3579
6104 2615
6105 2279
6106 1582
6107 3302
6108 3725
6109 4172
6110 3120
6111 3873
6112 5180
6113 5023
6114 4131
6115 2663
6116 762
6117 2234
6118 4348
6119 2281
6120 850
6121 2858
6122 2820
6123 2490
6124 3203
6125 3457
6126 908
6127 1157
6128 633
6129 1445
6130 1886
6131 811
6132 5147
6133 985
6134 3720
6135 135
6136 5138
6137 1300
6138 2241
6139 3599
6140 5978
6141 1046
6142 2000
6143 5076
6144 3713
6145 376
6146 2505
6147 1930
6148 2087
6149 3717
6150 693
6151 3435
6152 2615
6153 2231
6154 1486
6155 3158
6156 3629
6157 4124
6158 2928
6159 3825
6160 5084
6161 5023
6162 4035
6163 2615
6164 714
6165 2186
6166 4252
6167 2281
6168 850
6169 2666
6170 2676
6171 2346
6172 3155
6173 3409
6174 812
6175 965
6176 393
6177 1349
6178 1886
6179 619
6180 5051
6181 985
6182 3672
6183 6078
6184 5042
6185 1252
6186 2049
6187 3551
6188 5930
6189 806
6190 2000
6191 5028
6192 3665
6193 376
6194 2457
6195 1786
6196 1943
6197 3525
6198 693
6199 3291
6200 2615
6201 2183
6202 1390
6203 3014
6204 3533
6205 4076
6206 2736
6207 3777
6208 4988
6209 5023
6210 3939
6211 2567
6212 666
6213 2138
6214 4156
6215 2281
6216 850
6217 2474
6218 2532
6219 2202
6220 3107
6221 3361
6222 716
6223 773
6224 153
6225 1253
6226 1886
6227 427
6228 4955
6229 985
6230 3624
6231 5886
6232 4946
6233 1204
6234 1857
6235 3503
6236 5882
6237 566
6238 2000
6239 4980
6240 3617
6241 376
6242 2409
6243 1642
6244 1799
6245 3333
6246 693
6247 3147
6248 2615
6249 2135
6250 1294
6251 2870
6252 3437
6253 4028
6254 2544
6255 3729
6256 4892
6257 5023
6258 3843
6259 2519
6260 618
6261 2090
6262 4060
6263 2281
6264 850
6265 2282
6266 2388
6267 2058
6268 3059
6269 3313
6270 620
6271 581
6272 6185
6273 1157
6274 1886
6275 235
6276 4859
6277 985
6278 3576
6279 5694
6280 4850
6281 1156
6282 1665
6283 3455
6284 5834
6285 326
6286 2000
6287 4932
6288 3569
6289 376
6290 2361
6291 1498
6292 1655
6293 3141
6294 693
6295 3003
6296 2615
6297 2087
6298 1198
6299 2726
6300 3341
6301 3980
6302 2352
6303 3681
6304 4796
6305 5023
6306 3747
6307 2471
6308 570
6309 2042
6310 3964
6311 2281
6312 850
6313 2090
6314 2244
6315 1914
6316 3011
6317 3265
6318 524
6319 389
6320 5993
6321 1061
6322 1886
6323 43
6324 4763
6325 985
6326 3528
6327 5502
6328 4754
6329 1108
6330 1473
6331 3407
6332 5786
6333 86
6334 2000
6335 4884
6336 3521
6337 376
6338 2313
6339 1354
6340 1511
6341 2949
6342 693
6343 2859
6344 2615
6345 2039
6346 1102
6347 2582
6348 3245
6349 3932
6350 2160
6351 3633
6352 4700
6353 5023
6354 3651
6355 2423
6356 522
6357 1994
6358 3868
6359 2281
6360 850
6361 1898
6362 2100
6363 1770
6364 2963
6365 3217
6366 428
6367 197
6368 5801
6369 965
6370 1886
6371 6222
6372 4667
6373 985
6374 3480
6375 5310
6376 4658
6377 1060
6378 1281
6379 3359
6380 5738
6381 6227
6382 2000
6383 4836
6384 3473
6385 376
6386 2265
6387 1210
6388 1367
6389 2757
6390 693
6391 2715
6392 2615
6393 1991
6394 1006
6395 2438
6396 3149
6397 3884
6398 1968
6399 3585
6400 4604
6401 5023
6402 3555
6403 2375
6404 474
6405 1946
6406 3772
6407 2281
6408 850
6409 1706
6410 1956
6411 1626
6412 2915
6413 3169
6414 332
6415 5
6416 5609
6417 869
6418 1886
6419 6078
6420 4571
6421 985
6422 3432
6423 5118
6424 4562
6425 1012
6426 1089
6427 3311
6428 5690
6429 6035
6430 2000
6431 4788
6432 3425
6433 376
6434 2217
6435 1066
6436 1223
6437 2565
6438 693
6439 2571
6440 2615
6441 1943
6442 910
6443 2294
6444 3053
6445 3836
6446 1776
6447 3537
6448 4508
6449 5023
6450 3459
6451 2327
6452 426
6453 1898
6454 3676
6455 2281
6456 850
6457 1514
6458 1812
6459 1482
6460 2867
6461 3121
6462 236
6463 6276
6464 5417
6465 773
6466 1886
6467 5934
6468 4475
6469 985
6470 3384
6471 4926
6472 4466
6473 964
6474 897
6475 3263
6476 5642
6477 5843
6478 2000
6479 4740
6480 3377
6481 376
6482 2169
6483 922
6484 1079
6485 2373
6486 693
6487 2427
6488 2615
6489 1895
6490 814
6491 2150
6492 2957
6493 3788
6494 1584
6495 3489
6496 4412
6497 5023
6498 3363
6499 2279
6500 378
6501 1850
6502 3580
6503 2281
6504 850
6505 1322
6506 1668
6507 1338
6508 2819
6509 3073
6510 140
6511 6132
6512 5225
6513 677
6514 1886
6515 5790
6516 4379
6517 985
6518 3336
6519 4734
6520 4370
6521 916
6522 705
6523 3215
6524 5594
6525 5651
6526 2000
6527 4692
6528 3329
6529 376
6530 2121
6531 778
6532 935
6533 2181
6534 693
6535 2283
6536 2615
6537 1847
6538 718
6539 2006
6540 2861
6541 3740
6542 1392
6543 3441
6544 4316
6545 5023
6546 3267
6547 2231
6548 330
6549 1802
6550 3484
6551 2281
6552 850
6553 1130
6554 1524
6555 1194
6556 2771
6557 3025
6558 44
6559 5988
6560 5033
6561 581
6562 1886
6563 5646
6564 4283
6565 985
6566 3288
6567 4542
6568 4274
6569 868
6570 513
6571 3167
6572 5546
6573 5459
6574 2000
6575 4644
6576 3281
6577 376
6578 2073
6579 634
6580 791
6581 1989
6582 693
6583 2139
6584 2615
6585 1799
6586 622
6587 1862
6588 2765
6589 3692
6590 1200
6591 3393
6592 4220
6593 5023
6594 3171
6595 2183
6596 282
6597 1754
6598 3388
6599 2281
6600 850
6601 938
6602 1380
6603 1050
6604 2723
6605 2977
6606 6554
6607 5844
6608 4841
6609 485
6610 1886
6611 5502
6612 4187
6613 985
6614 3240
6615 4350
6616 4178
6617 820
6618 321
6619 3119
6620 5498
6621 5267
6622 2000
6623 4596
6624 3233
6625 376
6626 2025
6627 490
6628 647
6629 1797
6630 693
6631 1995
6632 2615
6633 1751
6634 526
6635 1718
6636 2669
6637 3644
6638 1008
6639 3345
6640 4124
6641 5023
6642 3075
6643 2135
6644 234
6645 1706
6646 3292
6647 2281
6648 850
6649 746
6650 1236
6651 906
6652 2675
6653 2929
6654 6506
6655 5700
6656 4649
6657 389
6658 1886
6659 5358
6660 4091
6661 985
6662 3192
6663 4158
6664 4082
6665 772
6666 129
6667 3071
6668 5450
6669 5075
6670 2000
6671 4548
6672 3185
6673 376
6674 1977
6675 346
6676 503
6677 1605
6678 693
6679 1851
6680 2615
6681 1703
6682 430
6683 1574
6684 2573
6685 3596
6686 816
6687 3297
6688 4028
6689 5023
6690 2979
6691 2087
6692 186
6693 1658
6694 3196
6695 2281
6696 850
6697 554
6698 1092
6699 762
6700 2627
6701 2881
6702 6458
6703 5556
6704 4457
6705 293
6706 1886
6707 5214
6708 3995
6709 985
6710 3144
6711 3966
6712 3986
6713 724
6714 6651
6715 3023
6716 5402
6717 4883
6718 2000
6719 4500
6720 3137
6721 376
6722 1929
6723 202
6724 359
6725 1413
6726 693
6727 1707
6728 2615
6729 1655
6730 334
6731 1430
6732 2477
6733 3548
6734 624
6735 3249
6736 3932
6737 5023
6738 2883
6739 2039
6740 138
6741 1610
6742 3100
6743 2281
6744 850
6745 362
6746 948
6747 618
6748 2579
6749 2833
6750 6410
6751 5412
6752 4265
6753 197
6754 1886
6755 5070
6756 3899
6757 985
6758 3096
6759 3774
6760 3890
6761 676
6762 6507
6763 2975
6764 5354
6765 4691
6766 2000
6767 4452
6768 3089
6769 376
6770 1881
6771 58
6772 215
6773 1221
6774 693
6775 1563
6776 2615
6777 1607
6778 238
6779 1286
6780 2381
6781 3500
6782 432
6783 3201
6784 3836
6785 5023
6786 2787
6787 1991
6788 90
6789 1562
6790 3004
6791 2281
6792 850
6793 170
6794 804
6795 474
6796 2531
6797 2785
6798 6362
6799 5268
6800 4073
6801 101
6802 1886
6803 4926
6804 3803
6805 985
6806 3048
6807 3582
6808 3794
6809 628
6810 6363
6811 2927
6812 5306
6813 4499
6814 2000
6815 4404
6816 3041
6817 376
6818 1833
6819 6733
6820 71
6821 1029
6822 693
6823 1419
6824 2615
6825 1559
6826 142
6827 1142
6828 2285
6829 3452
6830 240
6831 3153
6832 3740
6833 5023
6834 2691
6835 1943
6836 42
6837 1514
6838 2908
6839 2281
6840 850
6841 6819
6842 660
6843 330
6844 2483
6845 2737
6846 6314
6847 5124
6848 3881
6849 5
6850 1886
6851 4782
6852 3707
6853 985
6854 3000
6855 3390
6856 3698
6857 580
6858 6219
6859 2879
6860 5258
6861 4307
6862 2000
6863 4356
6864 2993
6865 376
6866 1785
6867 6637
6868 6795
6869 837
6870 693
6871 1275
6872 2615
6873 1511
6874 46
6875 998
6876 2189
6877 3404
6878 48
6879 3105
6880 3644
6881 5023
6882 2595
6883 1895
6884 6878
6885 1466
6886 2812
6887 2281
6888 850
6889 6675
6890 516
6891 186
6892 2435
6893 2689
6894 6266
6895 4980
6896 3689
6897 6806
6898 1886
6899 4638
6900 3611
6901 985
6902 2952
6903 3198
6904 3602
6905 532
6906 6075
6907 2831
6908 5210
6909 4115
6910 2000
6911 4308
6912 2945
6913 376
6914 1737
6915 6541
6916 6699
6917 645
6918 693
6919 1131
6920 2615
6921 1463
6922 6872
6923 854
6924 2093
6925 3356
6926 6782
6927 3057
6928 3548
6929 5023
6930 2499
6931 1847
6932 6878
6933 1418
6934 2716
6935 2281
6936 850
6937 6531
6938 372
6939 42
6940 2387
6941 2641
6942 6218
6943 4836
6944 3497
6945 6758
6946 1886
6947 4494
6948 3515
6949 985
6950 2904
6951 3006
6952 3506
6953 484
6954 5931
6955 2783
6956 5162
6957 3923
6958 2000
6959 4260
6960 2897
6961 376
6962 1689
6963 6445
6964 6603
6965 453
6966 693
6967 987
6968 2615
6969 1415
6970 6824
6971 710
6972 1997
6973 3308
6974 6638
6975 3009
6976 3452
6977 5023
6978 2403
6979 1799
6980 6878
6981 1370
6982 2620
6983 2281
6984 850
6985 6387
6986 228
6987 6885
6988 2339
6989 2593
6990 6170
6991 4692
6992 3305
6993 6710
6994 1886
6995 4350
6996 3419
6997 985
6998 2856
6999 2814
7000 3410
7001 436
7002 5787
7003 2735
7004 5114
7005 3731
7006 2000
7007 4212
7008 2849
7009 376
7010 1641
7011 6349
7012 6507
7013 261
7014 693
7015 843
7016 2615
7017 1367
7018 6776
7019 566
7020 1901
7021 3260
7022 6494
7023 2961
7024 3356
7025 5023
7026 2307
7027 1751
7028 6878
7029 1322
7030 2524
7031 2281
7032 850
7033 6243
7034 84
7035 6789
7036 2291
7037 2545
7038 6122
7039 4548
7040 3113
7041 6662
7042 1886
7043 4206
7044 3323
7045 985
7046 2808
7047 2622
7048 3314
7049 388
7050 5643
7051 2687
7052 5066
7053 3539
7054 2000
7055 4164
7056 2801
7057 376
7058 1593
7059 6253
7060 6411
7061 69
7062 693
7063 699
7064 2615
7065 1319
7066 6728
7067 422
7068 1805
7069 3212
7070 6350
7071 2913
7072 3260
7073 5023
7074 2211
7075 1703
7076 6878
7077 1274
7078 2428
7079 2281
7080 850
7081 6099
7082 7022
7083 6693
7084 2243
7085 2497
7086 6074
7087 4404
7088 2921
7089 6614
7090 1886
7091 4062
7092 3227
7093 985
7094 2760
7095 2430
7096 3218
7097 340
7098 5499
7099 2639
7100 5018
7101 3347
7102 2000
7103 4116
7104 2753
7105 376
7106 1545
7107 6157
7108 6315
7109 6986
7110 693
7111 555
7112 2615
7113 1271
7114 6680
7115 278
7116 1709
7117 3164
7118 6206
7119 2865
7120 3164
7121 5023
7122 2115
7123 1655
7124 6878
7125 1226
7126 2332
7127 2281
7128 850
7129 5955
7130 6926
7131 6597
7132 2195
7133 2449
7134 6026
7135 4260
7136 2729
7137 6566
7138 1886
7139 3918
7140 3131
7141 985
7142 2712
7143 2238
7144 3122
7145 292
7146 5355
7147 2591
7148 4970
7149 3155
7150 2000
7151 4068
7152 2705
7153 376
7154 1497
7155 6061
7156 6219
7157 6842
7158 693
7159 411
7160 2615
7161 1223
7162 6632
7163 134
7164 1613
7165 3116
7166 6062
7167 2817
7168 3068
7169 5023
7170 2019
7171 1607
7172 6878
7173 1178
7174 2236
7175 2281
7176 850
7177 5811
7178 6830
7179 6501
7180 2147
7181 2401
7182 5978
7183 4116
7184 2537
7185 6518
7186 1886
7187 3774
7188 3035
7189 985
7190 2664
7191 2046
7192 3026
7193 244
7194 5211
7195 2543
7196 4922
7197 2963
7198 2000
7199 4020
7200 2657
7201 376
7202 1449
7203 5965
7204 6123
7205 6698
7206 693
7207 267
7208 2615
7209 1175
7210 6584
7211 7201
7212 1517
7213 3068
7214 5918
7215 2769
7216 2972
7217 5023
7218 1923
7219 1559
7220 6878
7221 1130
7222 2140
7223 2281
7224 850
7225 5667
7226 6734
7227 6405
7228 2099
7229 2353
7230 5930
7231 3972
7232 2345
7233 6470
7234 1886
7235 3630
7236 2939
7237 985
7238 2616
7239 1854
7240 2930
7241 196
7242 5067
7243 2495
7244 4874
7245 2771
7246 2000
7247 3972
7248 2609
7249 376
7250 1401
7251 5869
7252 6027
7253 6554
7254 693
7255 123
7256 2615
7257 1127
7258 6536
7259 7105
7260 1421
7261 3020
7262 5774
7263 2721
7264 2876
7265 5023
7266 1827
7267 1511
7268 6878
7269 1082
7270 2044
7271 2281
7272 850
7273 5523
7274 6638
7275 6309
7276 2051
7277 2305
7278 5882
7279 3828
7280 2153
7281 6422
7282 1886
7283 3486
7284 2843
7285 985
7286 2568
7287 1662
7288 2834
7289 148
7290 4923
7291 2447
7292 4826
7293 2579
7294 2000
7295 3924
7296 2561
7297 376
7298 1353
7299 5773
7300 5931
7301 6410
7302 693
7303 7282
7304 2615
7305 1079
7306 6488
7307 7009
7308 1325
7309 2972
7310 5630
7311 2673
7312 2780
7313 5023
7314 1731
7315 1463
7316 6878
7317 1034
7318 1948
7319 2281
7320 850
7321 5379
7322 6542
7323 6213
7324 2003
7325 2257
7326 5834
7327 3684
7328 1961
7329 6374
7330 1886
7331 3342
7332 2747
7333 985
7334 2520
7335 1470
7336 2738
7337 100
7338 4779
7339 2399
7340 4778
7341 2387
7342 2000
7343 3876
7344 2513
7345 376
7346 1305
7347 5677
7348 5835
7349 6266
7350 693
7351 7186
7352 2615
7353 1031
7354 6440
7355 6913
7356 1229
7357 2924
7358 5486
7359 2625
7360 2684
7361 5023
7362 1635
7363 1415
7364 6878
7365 986
7366 1852
7367 2281
7368 850
7369 5235
7370 6446
7371 6117
7372 1955
7373 2209
7374 5786
7375 3540
7376 1769
7377 6326
7378 1886
7379 3198
7380 2651
7381 985
7382 2472
7383 1278
7384 2642
7385 52
7386 4635
7387 2351
7388 4730
7389 2195
7390 2000
7391 3828
7392 2465
7393 376
7394 1257
7395 5581
7396 5739
7397 6122
7398 693
7399 7090
7400 2615
7401 983
7402 6392
7403 6817
7404 1133
7405 2876
7406 5342
7407 2577
7408 2588
7409 5023
7410 1539
7411 1367
7412 6878
7413 938
7414 1756
7415 2281
7416 850
7417 5091
7418 6350
7419 6021
7420 1907
7421 2161
7422 5738
7423 3396
7424 1577
7425 6278
7426 1886
7427 3054
7428 2555
7429 985
7430 2424
7431 1086
7432 2546
7433 4
7434 4491
7435 2303
7436 4682
7437 2003
7438 2000
7439 3780
7440 2417
7441 376
7442 1209
7443 5485
7444 5643
7445 5978
7446 693
7447 6994
7448 2615
7449 935
7450 6344
7451 6721
7452 1037
7453 2828
7454 5198
7455 2529
7456 2492
7457 5023
7458 1443
7459 1319
7460 6878
7461 890
7462 1660
7463 2281
7464 850
7465 4947
7466 6254
7467 5925
7468 1859
7469 2113
7470 5690
7471 3252
7472 1385
7473 6230
7474 1886
7475 2910
7476 2459
7477 985
7478 2376
7479 894
7480 2450
7481 7437
7482 4347
7483 2255
7484 4634
7485 1811
7486 2000
7487 3732
7488 2369
7489 376
7490 1161
7491 5389
7492 5547
7493 5834
7494 693
7495 6898
7496 2615
7497 887
7498 6296
7499 6625
7500 941
7501 2780
7502 5054
7503 2481
7504 2396
7505 5023
7506 1347
7507 1271
7508 6878
7509 842
7510 1564
7511 2281
7512 850
7513 4803
7514 6158
7515 5829
7516 1811
7517 2065
7518 5642
7519 3108
7520 1193
7521 6182
7522 1886
7523 2766
7524 2363
7525 985
7526 2328
7527 702
7528 2354
7529 7437
7530 4203
7531 2207
7532 4586
7533 1619
7534 2000
7535 3684
7536 2321
7537 376
7538 1113
7539 5293
7540 5451
7541 5690
7542 693
7543 6802
7544 2615
7545 839
7546 6248
7547 6529
7548 845
7549 2732
7550 4910
7551 2433
7552 2300
7553 5023
7554 1251
7555 1223
7556 6878
7557 794
7558 1468
7559 2281
7560 850
7561 4659
7562 6062
7563 5733
7564 1763
7565 2017
7566 5594
7567 2964
7568 1001
7569 6134
7570 1886
7571 2622
7572 2267
7573 985
7574 2280
7575 510
7576 2258
7577 7437
7578 4059
7579 2159
7580 4538
7581 1427
7582 2000
7583 3636
7584 2273
7585 376
7586 1065
7587 5197
7588 5355
7589 5546
7590 693
7591 6706
7592 2615
7593 791
7594 6200
7595 6433
7596 749
7597 2684
7598 4766
7599 2385
7600 2204
7601 5023
7602 1155
7603 1175
7604 6878
7605 746
7606 1372
7607 2281
7608 850
7609 4515
7610 5966
7611 5637
7612 1715
7613 1969
7614 5546
7615 2820
7616 809
7617 6086
7618 1886
7619 2478
7620 2171
7621 985
7622 2232
7623 318
7624 2162
7625 7437
7626 3915
7627 2111
7628 4490
7629 1235
7630 2000
7631 3588
7632 2225
7633 376
7634 1017
7635 5101
7636 5259
7637 5402
7638 693
7639 6610
7640 2615
7641 743
7642 6152
7643 6337
7644 653
7645 2636
7646 4622
7647 2337
7648 2108
7649 5023
7650 1059
7651 1127
7652 6878
7653 698
7654 1276
7655 2281
7656 850
7657 4371
7658 5870
7659 5541
7660 1667
7661 1921
7662 5498
7663 2676
7664 617
7665 6038
7666 1886
7667 2334
7668 2075
7669 985
7670 2184
7671 126
7672 2066
7673 7437
7674 3771
7675 2063
7676 4442
7677 1043
7678 2000
7679 3540
7680 2177
7681 376
7682 969
7683 5005
7684 5163
7685 5258
7686 693
7687 6514
7688 2615
7689 695
7690 6104
7691 6241
7692 557
7693 2588
7694 4478
7695 2289
7696 2012
7697 5023
7698 963
7699 1079
7700 6878
7701 650
7702 1180
7703 2281
7704 850
7705 4227
7706 5774
7707 5445
7708 1619
7709 1873
7710 5450
7711 2532
7712 425
7713 5990
7714 1886
7715 2190
7716 1979
7717 985
7718 2136
7719 7653
7720 1970
7721 7437
7722 3627
7723 2015
7724 4394
7725 851
7726 2000
7727 3492
7728 2129
7729 376
7730 921
7731 4909
7732 5067
7733 5114
7734 693
7735 6418
7736 2615
7737 647
7738 6056
7739 6145
7740 461
7741 2540
7742 4334
7743 2241
7744 1916
7745 5023
7746 867
7747 1031
7748 6878
7749 602
7750 1084
7751 2281
7752 850
7753 4083
7754 5678
7755 5349
7756 1571
7757 1825
7758 5402
7759 2388
7760 233
7761 5942
7762 1886
7763 2046
7764 1883
7765 985
7766 2088
7767 7509
7768 1874
7769 7437
7770 3483
7771 1967
7772 4346
7773 659
7774 2000
7775 3444
7776 2081
7777 376
7778 873
7779 4813
7780 4971
7781 4970
7782 693
7783 6322
7784 2615
7785 599
7786 6008
7787 6049
7788 365
7789 2492
7790 4190
7791 2193
7792 1820
7793 5023
7794 771
7795 983
7796 6878
7797 554
7798 988
7799 2281
7800 850
7801 3939
7802 5582
7803 5253
7804 1523
7805 1777
7806 5354
7807 2244
7808 41
7809 5894
7810 1886
7811 1902
7812 1787
7813 985
7814 2040
7815 7365
7816 1778
7817 7437
7818 3339
7819 1919
7820 4298
7821 467
7822 2000
7823 3396
7824 2033
7825 376
7826 825
7827 4717
7828 4875
7829 4826
7830 693
7831 6226
7832 2615
7833 551
7834 5960
7835 5953
7836 269
7837 2444
7838 4046
7839 2145
7840 1724
7841 5023
7842 675
7843 935
7844 6878
7845 506
7846 892
7847 2281
7848 850
7849 3795
7850 5486
7851 5157
7852 1475
7853 1729
7854 5306
7855 2100
7856 7705
7857 5846
7858 1886
7859 1758
7860 1691
7861 985
7862 1992
7863 7221
7864 1682
7865 7437
7866 3195
7867 1871
7868 4250
7869 275
7870 2000
7871 3348
7872 1985
7873 376
7874 777
7875 4621
7876 4779
7877 4682
7878 693
7879 6130
7880 2615
7881 503
7882 5912
7883 5857
7884 173
7885 2396
7886 3902
7887 2097
7888 1628
7889 5023
7890 579
7891 887
7892 6878
7893 458
7894 796
7895 2281
7896 850
7897 3651
7898 5390
7899 5061
7900 1427
7901 1681
7902 5258
7903 1956
7904 7561
7905 5798
7906 1886
7907 1614
7908 1595
7909 985
7910 1944
7911 7077
7912 1586
7913 7437
7914 3051
7915 1823
7916 4202
7917 83
7918 2000
7919 3300
7920 1937
7921 376
7922 729
7923 4525
7924 4683
7925 4538
7926 693
7927 6034
7928 2615
7929 455
7930 5864
7931 5761
7932 77
7933 2348
7934 3758
7935 2049
7936 1532
7937 5023
7938 483
7939 839
7940 6878
7941 410
7942 700
7943 2281
7944 850
7945 3507
7946 5294
7947 4965
7948 1379
7949 1633
7950 5210
7951 1812
7952 7417
7953 5750
7954 1886
7955 1470
7956 1499
7957 985
7958 1896
7959 6933
7960 1490
7961 7437
7962 2907
7963 1775
7964 4154
7965 7856
7966 2000
7967 3252
7968 1889
7969 376
7970 681
7971 4429
7972 4587
7973 4394
7974 693
7975 5938
7976 2615
7977 407
7978 5816
7979 5665
7980 7961
7981 2300
7982 3614
7983 2001
7984 1436
7985 5023
7986 387
7987 791
7988 6878
7989 362
7990 604
7991 2281
7992 850
7993 3363
7994 5198
7995 4869
7996 1331
7997 1585
7998 5162
7999 1668
8000 7273
8001 5702
8002 1886
8003 1326
8004 1403
8005 985
8006 1848
8007 6789
8008 1394
8009 7437
8010 2763
8011 1727
8012 4106
8013 7712
8014 2000
8015 3204
8016 1841
8017 376
8018 633
8019 4333
8020 4491
8021 4250
8022 693
8023 5842
8024 2615
8025 359
8026 5768
8027 5569
8028 7913
8029 2252
8030 3470
8031 1953
8032 1340
8033 5023
8034 291
8035 743
8036 6878
8037 314
8038 508
8039 2281
8040 850
8041 3219
8042 5102
8043 4773
8044 1283
8045 1537
8046 5114
8047 1524
8048 7129
8049 5654
8050 1886
8051 1182
8052 1307
8053 985
8054 1800
8055 6645
8056 1298
8057 7437
8058 2619
8059 1679
8060 4058
8061 7568
8062 2000
8063 3156
8064 1793
8065 376
8066 585
8067 4237
8068 4395
8069 4106
8070 693
8071 5746
8072 2615
8073 311
8074 5720
8075 5473
8076 7865
8077 2204
8078 3326
8079 1905
8080 1244
8081 5023
8082 195
8083 695
8084 6878
8085 266
8086 412
8087 2281
8088 850
8089 3075
8090 5006
8091 4677
8092 1235
8093 1489
8094 5066
8095 1380
8096 6985
8097 5606
8098 1886
8099 1038
8100 1211
8101 985
8102 1752
8103 6501
8104 1202
8105 7437
8106 2475
8107 1631
8108 4010
8109 7424
8110 2000
8111 3108
8112 1745
8113 376
8114 537
8115 4141
8116 4299
8117 3962
8118 693
8119 5650
8120 2615
8121 263
8122 5672
8123 5377
8124 7817
8125 2156
8126 3182
8127 1857
8128 1148
8129 5023
8130 99
8131 647
8132 6878
8133 218
8134 316
8135 2281
8136 850
8137 2931
8138 4910
8139 4581
8140 1187
8141 1441
8142 5018
8143 1236
8144 6841
8145 5558
8146 1886
8147 894
8148 1115
8149 985
8150 1704
8151 6357
8152 1106
8153 7437
8154 2331
8155 1583
8156 3962
8157 7280
8158 2000
8159 3060
8160 1697
8161 376
8162 489
8163 4045
8164 4203
8165 3818
8166 693
8167 5554
8168 2615
8169 215
8170 5624
8171 5281
8172 7769
8173 2108
8174 3038
8175 1809
8176 1052
8177 5023
8178 3
8179 599
8180 6878
8181 170
8182 220
8183 2281
8184 850
8185 2787
8186 4814
8187 4485
8188 1139
8189 1393
8190 4970
8191 1092
8192 6697
8193 5510
8194 1886
8195 750
8196 1019
8197 985
8198 1656
8199 6213
8200 1010
8201 7437
8202 2187
8203 1535
8204 3914
8205 7136
8206 2000
8207 3012
8208 1649
8209 376
8210 441
8211 3949
8212 4107
8213 3674
8214 693
8215 5458
8216 2615
8217 167
8218 5576
8219 5185
8220 7721
8221 2060
8222 2894
8223 1761
8224 956
8225 5023
8226 8133
8227 551
8228 6878
8229 122
8230 124
8231 2281
8232 850
8233 2643
8234 4718
8235 4389
8236 1091
8237 1345
8238 4922
8239 948
8240 6553
8241 5462
8242 1886
8243 606
8244 923
8245 985
8246 1608
8247 6069
8248 914
8249 7437
8250 2043
8251 1487
8252 3866
8253 6992
8254 2000
8255 2964
8256 1601
8257 376
8258 393
8259 3853
8260 4011
8261 3530
8262 693
8263 5362
8264 2615
8265 119
8266 5528
8267 5089
8268 7673
8269 2012
8270 2750
8271 1713
8272 860
8273 5023
8274 8085
8275 503
8276 6878
8277 74
8278 28
8279 2281
8280 850
8281 2499
8282 4622
8283 4293
8284 1043
8285 1297
8286 4874
8287 804
8288 6409
8289 5414
8290 1886
8291 462
8292 827
8293 985
8294 1560
8295 5925
8296 818
8297 7437
8298 1899
8299 1439
8300 3818
8301 6848
8302 2000
8303 2916
8304 1553
8305 376
8306 345
8307 3757
8308 3915
8309 3386
8310 693
8311 5266
8312 2615
8313 71
8314 5480
8315 4993
8316 7625
8317 1964
8318 2606
8319 1665
8320 764
8321 5023
8322 8037
8323 455
8324 6878
8325 26
8326 8258
8327 2281
8328 850
8329 2355
8330 4526
8331 4197
8332 995
8333 1249
8334 4826
8335 660
8336 6265
8337 5366
8338 1886
8339 318
8340 731
8341 985
8342 1512
8343 5781
8344 722
8345 7437
8346 1755
8347 1391
8348 3770
8349 6704
8350 2000
8351 2868
8352 1505
8353 376
8354 297
8355 3661
8356 3819
8357 3242
8358 693
8359 5170
8360 2615
8361 23
8362 5432
8363 4897
8364 7577
8365 1916
8366 2462
8367 1617
8368 668
8369 5023
8370 7989
8371 407
8372 6878
8373 8351
8374 8210
8375 2281
8376 850
8377 2211
8378 4430
8379 4101
8380 947
8381 1201
8382 4778
8383 516
8384 6121
8385 5318
8386 1886
8387 174
8388 635
8389 985
8390 1464
8391 5637
8392 626
8393 7437
8394 1611
8395 1343
8396 3722
8397 6560
8398 2000
8399 2820
8400 1457
8401 376
8402 249
8403 3565
8404 3723
8405 3098
8406 693
8407 5074
8408 2615
8409 8384
8410 5384
8411 4801
8412 7529
8413 1868
8414 2318
8415 1569
8416 572
8417 5023
8418 7941
8419 359
8420 6878
8421 8351
8422 8162
8423 2281
8424 850
8425 2067
8426 4334
8427 4005
8428 899
8429 1153
8430 4730
8431 372
8432 5977
8433 5270
8434 1886
8435 30
8436 539
8437 985
8438 1416
8439 5493
8440 530
8441 7437
8442 1467
8443 1295
8444 3674
8445 6416
8446 2000
8447 2772
8448 1409
8449 376
8450 201
8451 3469
8452 3627
8453 2954
8454 693
8455 4978
8456 2615
8457 8384
8458 5336
8459 4705
8460 7481
8461 1820
8462 2174
8463 1521
8464 476
8465 5023
8466 7893
8467 311
8468 6878
8469 8351
8470 8114
8471 2281
8472 850
8473 1923
8474 4238
8475 3909
8476 851
8477 1105
8478 4682
8479 228
8480 5833
8481 5222
8482 1886
8483 8369
8484 443
8485 985
8486 1368
8487 5349
8488 434
8489 7437
8490 1323
8491 1247
8492 3626
8493 6272
8494 2000
8495 2724
8496 1361
8497 376
8498 153
8499 3373
8500 3531
8501 2810
8502 693
8503 4882
8504 2615
8505 8384
8506 5288
8507 4609
8508 7433
8509 1772
8510 2030
8511 1473
8512 380
8513 5023
8514 7845
8515 263
8516 6878
8517 8351
8518 8066
8519 2281
8520 850
8521 1779
8522 4142
8523 3813
8524 803
8525 1057
8526 4634
8527 84
8528 5689
8529 5174
8530 1886
8531 8273
8532 347
8533 985
8534 1320
8535 5205
8536 338
8537 7437
8538 1179
8539 1199
8540 3578
8541 6128
8542 2000
8543 2676
8544 1313
8545 376
8546 105
8547 3277
8548 3435
8549 2666
8550 693
8551 4786
8552 2615
8553 8384
8554 5240
8555 4513
8556 7385
8557 1724
8558 1886
8559 1425
8560 284
8561 5023
8562 7797
8563 215
8564 6878
8565 8351
8566 8018
8567 2281
8568 850
8569 1635
8570 4046
8571 3717
8572 755
8573 1009
8574 4586
8575 8515
8576 5545
8577 5126
8578 1886
8579 8177
8580 251
8581 985
8582 1272
8583 5061
8584 242
8585 7437
8586 1035
8587 1151
8588 3530
8589 5984
8590 2000
8591 2628
8592 1265
8593 376
8594 57
8595 3181
8596 3339
8597 2522
8598 693
8599 4690
8600 2615
8601 8384
8602 5192
8603 4417
8604 7337
8605 1676
8606 1742
8607 1377
8608 188
8609 5023
8610 7749
8611 167
8612 6878
8613 8351
8614 7970
8615 2281
8616 850
8617 1491
8618 3950
8619 3621
8620 707
8621 961
8622 4538
8623 8419
8624 5401
8625 5078
8626 1886
8627 8081
8628 155
8629 985
8630 1224
8631 4917
8632 146
8633 7437
8634 891
8635 1103
8636 3482
8637 5840
8638 2000
8639 2580
8640 1217
8641 376
8642 9
8643 3085
8644 3243
8645 2378
8646 693
8647 4594
8648 2615
8649 8384
8650 5144
8651 4321
8652 7289
8653 1628
8654 1598
8655 1329
8656 92
8657 5023
8658 7701
8659 119
8660 6878
8661 8351
8662 7922
8663 2281
8664 850
8665 1347
8666 3854
8667 3525
8668 659
8669 913
8670 4490
8671 8323
8672 5257
8673 5030
8674 1886
8675 7985
8676 59
8677 985
8678 1176
8679 4773
8680 50
8681 7437
8682 747
8683 1055
8684 3434
8685 5696
8686 2000
8687 2532
8688 1169
8689 376
8690 8651
8691 2989
8692 3147
8693 2234
8694 693
8695 4498
8696 2615
8697 8384
8698 5096
8699 4225
8700 7241
8701 1580
8702 1454
8703 1281
8704 8700
8705 5023
8706 7653
8707 71
8708 6878
8709 8351
8710 7874
8711 2281
8712 850
8713 1203
8714 3758
8715 3429
8716 611
8717 865
8718 4442
8719 8227
8720 5113
8721 4982
8722 1886
8723 7889
8724 8687
8725 985
8726 1128
8727 4629
8728 8682
8729 7437
8730 603
8731 1007
8732 3386
8733 5552
8734 2000
8735 2484
8736 1121
8737 376
8738 8651
8739 2893
8740 3051
8741 2090
8742 693
8743 4402
8744 2615
8745 8384
8746 5048
8747 4129
8748 7193
8749 1532
8750 1310
8751 1233
8752 8652
8753 5023
8754 7605
8755 23
8756 6878
8757 8351
8758 7826
8759 2281
8760 850
8761 1059
8762 3662
8763 3333
8764 563
8765 817
8766 4394
8767 8131
8768 4969
8769 4934
8770 1886
8771 7793
8772 8639
8773 985
8774 1080
8775 4485
8776 8634
8777 7437
8778 459
8779 959
8780 3338
8781 5408
8782 2000
8783 2436
8784 1073
8785 376
8786 8651
8787 2797
8788 2955
8789 1946
8790 693
8791 4306
8792 2615
8793 8384
8794 5000
8795 4033
8796 7145
8797 1484
8798 1166
8799 1185
8800 8604
8801 5023
8802 7557
8803 8778
8804 6878
8805 8351
8806 7778
8807 2281
8808 850
8809 915
8810 3566
8811 3237
8812 515
8813 769
8814 4346
8815 8035
8816 4825
8817 4886
8818 1886
8819 7697
8820 8591
8821 985
8822 1032
8823 4341
8824 8586
8825 7437
8826 315
8827 911
8828 3290
8829 5264
8830 2000
8831 2388
8832 1025
8833 376
8834 8651
8835 2701
8836 2859
8837 1802
8838 693
8839 4210
8840 2615
8841 8384
8842 4952
8843 3937
8844 7097
8845 1436
8846 1022
8847 1137
8848 8556
8849 5023
8850 7509
8851 8778
8852 6878
8853 8351
8854 7730
8855 2281
8856 850
8857 771
8858 3470
8859 3141
8860 467
8861 721
8862 4298
8863 7939
8864 4681
8865 4838
8866 1886
8867 7601
8868 8543
8869 985
8870 984
8871 4197
8872 8538
8873 7437
8874 171
8875 863
8876 3242
8877 5120
8878 2000
8879 2340
8880 977
8881 376
8882 8651
8883 2605
8884 2763
8885 1658
8886 693
8887 4114
8888 2615
8889 8384
8890 4904
8891 3841
8892 7049
8893 1388
8894 878
8895 1089
8896 8508
8897 5023
8898 7461
8899 8778
8900 6878
8901 8351
8902 7682
8903 2281
8904 850
8905 627
8906 3374
8907 3045
8908 419
8909 673
8910 4250
8911 7843
8912 4537
8913 4790
8914 1886
8915 7505
8916 8495
8917 985
8918 936
8919 4053
8920 8490
8921 7437
8922 27
8923 815
8924 3194
8925 4976
8926 2000
8927 2292
8928 929
8929 376
8930 8651
8931 2509
8932 2667
8933 1514
8934 693
8935 4018
8936 2615
8937 8384
8938 4856
8939 3745
8940 7001
8941 1340
8942 734
8943 1041
8944 8460
8945 5023
8946 7413
8947 8778
8948 6878
8949 8351
8950 7634
8951 2281
8952 850
8953 483
8954 3278
8955 2949
8956 371
8957 625
8958 4202
8959 7747
8960 4393
8961 4742
8962 1886
8963 7409
8964 8447
8965 985
8966 888
8967 3909
8968 8442
8969 7437
8970 8853
8971 767
8972 3146
8973 4832
8974 2000
8975 2244
8976 881
8977 376
8978 8651
8979 2413
8980 2571
8981 1370
8982 693
8983 3922
8984 2615
8985 8384
8986 4808
8987 3649
8988 6953
8989 1292
8990 590
8991 993
8992 8412
8993 5023
8994 7365
8995 8778
8996 6878
8997 8351
8998 7586
8999 2281
9000 850
9001 339
9002 3182
9003 2853
9004 323
9005 577
9006 4154
9007 7651
9008 4249
9009 4694
9010 1886
9011 7313
9012 8399
9013 985
9014 840
9015 3765
9016 8394
9017 7437
9018 8757
9019 719
9020 3098
9021 4688
9022 2000
9023 2196
9024 833
9025 376
9026 8651
9027 2317
9028 2475
9029 1226
9030 693
9031 3826
9032 2615
9033 8384
9034 4760
9035 3553
9036 6905
9037 1244
9038 446
9039 945
9040 8364
9041 5023
9042 7317
9043 8778
9044 6878
9045 8351
9046 7538
9047 2281
9048 850
9049 195
9050 3086
9051 2757
9052 275
9053 529
9054 4106
9055 7555
9056 4105
9057 4646
9058 1886
9059 7217
9060 8351
9061 985
9062 792
9063 3621
9064 8346
9065 7437
9066 8661
9067 671
9068 3050
9069 4544
9070 2000
9071 2148
9072 785
9073 376
9074 8651
9075 2221
9076 2379
9077 1082
9078 693
9079 3730
9080 2615
9081 8384
9082 4712
9083 3457
9084 6857
9085 1196
9086 302
9087 897
9088 8316
9089 5023
9090 7269
9091 8778
9092 6878
9093 8351
9094 7490
9095 2281
9096 850
9097 51
9098 2990
9099 2661
9100 227
9101 481
9102 4058
9103 7459
9104 3961
9105 4598
9106 1886
9107 7121
9108 8303
9109 985
9110 744
9111 3477
9112 8298
9113 7437
9114 8565
9115 623
9116 3002
9117 4400
9118 2000
9119 2100
9120 737
9121 376
9122 8651
9123 2125
9124 2283
9125 938
9126 693
9127 3634
9128 2615
9129 8384
9130 4664
9131 3361
9132 6809
9133 1148
9134 158
9135 849
9136 8268
9137 5023
9138 7221
9139 8778
9140 6878
9141 8351
9142 7442
9143 2281
9144 850
9145 9052
9146 2894
9147 2565
9148 179
9149 433
9150 4010
9151 7363
9152 3817
9153 4550
9154 1886
9155 7025
9156 8255
9157 985
9158 696
9159 3333
9160 8250
9161 7437
9162 8469
9163 575
9164 2954
9165 4256
9166 2000
9167 2052
9168 689
9169 376
9170 8651
9171 2029
9172 2187
9173 794
9174 693
9175 3538
9176 2615
9177 8384
9178 4616
9179 3265
9180 6761
9181 1100
9182 14
9183 801
9184 8220
9185 5023
9186 7173
9187 8778
9188 6878
9189 8351
9190 7394
9191 2281
9192 850
9193 8956
9194 2798
9195 2469
9196 131
9197 385
9198 3962
9199 7267
9200 3673
9201 4502
9202 1886
9203 6929
9204 8207
9205 985
9206 648
9207 3189
9208 8202
9209 7437
9210 8373
9211 527
9212 2906
9213 4112
9214 2000
9215 2004
9216 641
9217 376
9218 8651
9219 1933
9220 2091
9221 650
9222 693
9223 3442
9224 2615
9225 8384
9226 4568
9227 3169
9228 6713
9229 1052
9230 9100
9231 753
9232 8172
9233 5023
9234 7125
9235 8778
9236 6878
9237 8351
9238 7346
9239 2281
9240 850
9241 8860
9242 2702
9243 2373
9244 83
9245 337
9246 3914
9247 7171
9248 3529
9249 4454
9250 1886
9251 6833
9252 8159
9253 985
9254 600
9255 3045
9256 8154
9257 7437
9258 8277
9259 479
9260 2858
9261 3968
9262 2000
9263 1956
9264 593
9265 376
9266 8651
9267 1837
9268 1995
9269 506
9270 693
9271 3346
9272 2615
9273 8384
9274 4520
9275 3073
9276 6665
9277 1004
9278 9004
9279 705
9280 8124
9281 5023
9282 7077
9283 8778
9284 6878
9285 8351
9286 7298
9287 2281
9288 850
9289 8764
9290 2606
9291 2277
9292 35
9293 289
9294 3866
9295 7075
9296 3385
9297 4406
9298 1886
9299 6737
9300 8111
9301 985
9302 552
9303 2901
9304 8106
9305 7437
9306 8181
9307 431
9308 2810
9309 3824
9310 2000
9311 1908
9312 545
9313 376
9314 8651
9315 1741
9316 1899
9317 362
9318 693
9319 3250
9320 2615
9321 8384
9322 4472
9323 2977
9324 6617
9325 956
9326 8908
9327 657
9328 8076
9329 5023
9330 7029
9331 8778
9332 6878
9333 8351
9334 7250
9335 2281
9336 850
9337 8668
9338 2510
9339 2181
9340 9327
9341 241
9342 3818
9343 6979
9344 3241
9345 4358
9346 1886
9347 6641
9348 8063
9349 985
9350 504
9351 2757
9352 8058
9353 7437
9354 8085
9355 383
9356 2762
9357 3680
9358 2000
9359 1860
9360 497
9361 376
9362 8651
9363 1645
9364 1803
9365 218
9366 693
9367 3154
9368 2615
9369 8384
9370 4424
9371 2881
9372 6569
9373 908
9374 8812
9375 609
9376 8028
9377 5023
9378 6981
9379 8778
9380 6878
9381 8351
9382 7202
9383 2281
9384 850
9385 8572
9386 2414
9387 2085
9388 9327
9389 193
9390 3770
9391 6883
9392 3097
9393 4310
9394 1886
9395 6545
9396 8015
9397 985
9398 456
9399 2613
9400 8010
9401 7437
9402 7989
9403 335
9404 2714
9405 3536
9406 2000
9407 1812
9408 449
9409 376
9410 8651
9411 1549
9412 1707
9413 74
9414 693
9415 3058
9416 2615
9417 8384
9418 4376
9419 2785
9420 6521
9421 860
9422 8716
9423 561
9424 7980
9425 5023
9426 6933
9427 8778
9428 6878
9429 8351
9430 7154
9431 2281
9432 850
9433 8476
9434 2318
9435 1989
9436 9327
9437 145
9438 3722
9439 6787
9440 2953
9441 4262
9442 1886
9443 6449
9444 7967
9445 985
9446 408
9447 2469
9448 7962
9449 7437
9450 7893
9451 287
9452 2666
9453 3392
9454 2000
9455 1764
9456 401
9457 376
9458 8651
9459 1453
9460 1611
9461 9391
9462 693
9463 2962
9464 2615
9465 8384
9466 4328
9467 2689
9468 6473
9469 812
9470 8620
9471 513
9472 7932
9473 5023
9474 6885
9475 8778
9476 6878
9477 8351
9478 7106
9479 2281
9480 850
9481 8380
9482 2222
9483 1893
9484 9327
9485 97
9486 3674
9487 6691
9488 2809
9489 4214
9490 1886
9491 6353
9492 7919
9493 985
9494 360
9495 2325
9496 7914
9497 7437
9498 7797
9499 239
9500 2618
9501 3248
9502 2000
9503 1716
9504 353
9505 376
9506 8651
9507 1357
9508 1515
9509 9295
9510 693
9511 2866
9512 2615
9513 8384
9514 4280
9515 2593
9516 6425
9517 764
9518 8524
9519 465
9520 7884
9521 5023
9522 6837
9523 8778
9524 6878
9525 8351
9526 7058
9527 2281
9528 850
9529 8284
9530 2126
9531 1797
9532 9327
9533 49
9534 3626
9535 6595
9536 2665
9537 4166
9538 1886
9539 6257
9540 7871
9541 985
9542 312
9543 2181
9544 7866
9545 7437
9546 7701
9547 191
9548 2570
9549 3104
9550 2000
9551 1668
9552 305
9553 376
9554 8651
9555 1261
9556 1419
9557 9199
9558 693
9559 2770
9560 2615
9561 8384
9562 4232
9563 2497
9564 6377
9565 716
9566 8428
9567 417
9568 7836
9569 5023
9570 6789
9571 8778
9572 6878
9573 8351
9574 7010
9575 2281
9576 850
9577 8188
9578 2030
9579 1701
9580 9327
9581 1
9582 3578
9583 6499
9584 2521
9585 4118
9586 1886
9587 6161
9588 7823
9589 985
9590 264
9591 2037
9592 7818
9593 7437
9594 7605
9595 143
9596 2522
9597 2960
9598 2000
9599 1620
9600 257
9601 376
9602 8651
9603 1165
9604 1323
9605 9103
9606 693
9607 2674
9608 2615
9609 8384
9610 4184
9611 2401
9612 6329
9613 668
9614 8332
9615 369
9616 7788
9617 5023
9618 6741
9619 8778
9620 6878
9621 8351
9622 6962
9623 2281
9624 850
9625 8092
9626 1934
9627 1605
9628 9327
9629 9582
9630 3530
9631 6403
9632 2377
9633 4070
9634 1886
9635 6065
9636 7775
9637 985
9638 216
9639 1893
9640 7770
9641 7437
9642 7509
9643 95
9644 2474
9645 2816
9646 2000
9647 1572
9648 209
9649 376
9650 8651
9651 1069
9652 1227
9653 9007
9654 693
9655 2578
9656 2615
9657 8384
9658 4136
9659 2305
9660 6281
9661 620
9662 8236
9663 321
9664 7740
9665 5023
9666 6693
9667 8778
9668 6878
9669 8351
9670 6914
9671 2281
9672 850
9673 7996
9674 1838
9675 1509
9676 9327
9677 9582
9678 3482
9679 6307
9680 2233
9681 4022
9682 1886
9683 5969
9684 7727
9685 985
9686 168
9687 1749
9688 7722
9689 7437
9690 7413
9691 47
9692 2426
9693 2672
9694 2000
9695 1524
9696 161
9697 376
9698 8651
9699 973
9700 1131
9701 8911
9702 693
9703 2482
9704 2615
9705 8384
9706 4088
9707 2209
9708 6233
9709 572
9710 8140
9711 273
9712 7692
9713 5023
9714 6645
9715 8778
9716 6878
9717 8351
9718 6866
9719 2281
9720 850
9721 7900
9722 1742
9723 1413
9724 9327
9725 9582
9726 3434
9727 6211
9728 2089
9729 3974
9730 1886
9731 5873
9732 7679
9733 985
9734 120
9735 1605
9736 7674
9737 7437
9738 7317
9739 9738
9740 2378
9741 2528
9742 2000
9743 1476
9744 113
9745 376
9746 8651
9747 877
9748 1035
9749 8815
9750 693
9751 2386
9752 2615
9753 8384
9754 4040
9755 2113
9756 6185
9757 524
9758 8044
9759 225
9760 7644
9761 5023
9762 6597
9763 8778
9764 6878
9765 8351
9766 6818
9767 2281
9768 850
9769 7804
9770 1646
9771 1317
9772 9327
9773 9582
9774 3386
9775 6115
9776 1945
9777 3926
9778 1886
9779 5777
9780 7631
9781 985
9782 72
9783 1461
9784 7626
9785 7437
9786 7221
9787 9738
9788 2330
9789 2384
9790 2000
9791 1428
9792 65
9793 376
9794 8651
9795 781
9796 939
9797 8719
9798 693
9799 2290
9800 2615
9801 8384
9802 3992
9803 2017
9804 6137
9805 476
9806 7948
9807 177
9808 7596
9809 5023
9810 6549
9811 8778
9812 6878
9813 8351
9814 6770
9815 2281
9816 850
9817 7708
9818 1550
9819 1221
9820 9327
9821 9582
9822 3338
9823 6019
9824 1801
9825 3878
9826 1886
9827 5681
9828 7583
9829 985
9830 24
9831 1317
9832 7578
9833 7437
9834 7125
9835 9738
9836 2282
9837 2240
9838 2000
9839 1380
9840 17
9841 376
9842 8651
9843 685
9844 843
9845 8623
9846 693
9847 2194
9848 2615
9849 8384
9850 3944
9851 1921
9852 6089
9853 428
9854 7852
9855 129
9856 7548
9857 5023
9858 6501
9859 8778
9860 6878
9861 8351
9862 6722
9863 2281
9864 850
9865 7612
9866 1454
9867 1125
9868 9327
9869 9582
9870 3290
9871 5923
9872 1657
9873 3830
9874 1886
9875 5585
9876 7535
9877 985
9878 9854
9879 1173
9880 7530
9881 7437
9882 7029
9883 9738
9884 2234
9885 2096
9886 2000
9887 1332
9888 9857
9889 376
9890 8651
9891 589
9892 747
9893 8527
9894 693
9895 2098
9896 2615
9897 8384
9898 3896
9899 1825
9900 6041
9901 380
9902 7756
9903 81
9904 7500
9905 5023
9906 6453
9907 8778
9908 6878
9909 8351
9910 6674
9911 2281
9912 850
9913 7516
9914 1358
9915 1029
9916 9327
9917 9582
9918 3242
9919 5827
9920 1513
9921 3782
9922 1886
9923 5489
9924 7487
9925 985
9926 9854
9927 1029
9928 7482
9929 7437
9930 6933
9931 9738
9932 2186
9933 1952
9934 2000
9935 1284
9936 9857
9937 376
9938 8651
9939 493
9940 651
9941 8431
9942 693
9943 2002
9944 2615
9945 8384
9946 3848
9947 1729
9948 5993
9949 332
9950 7660
9951 33
9952 7452
9953 5023
9954 6405
9955 8778
9956 6878
9957 8351
9958 6626
9959 2281
9960 850
9961 7420
9962 1262
9963 933
9964 9327
9965 9582
9966 3194
9967 5731
9968 1369
9969 3734
9970 1886
9971 5393
9972 7439
9973 985
9974 9854
9975 885
9976 7434
9977 7437
9978 6837
9979 9738
9980 2138
9981 1808
9982 2000
9983 1236
9984 9857
9985 376
9986 8651
9987 397
9988 555
9989 8335
9990 693
9991 1906
9992 2615
9993 8384
9994 3800
9995 1633
9996 5945
9997 284
9998 7564
9999 9984
10000 7404
